1.00000,0.75372,0.75888,0.78874,0.77392,0.74094,0.79259,0.78771,0.76165,0.76687,0.78482,0.81448,0.77947,0.73955,0.73042,0.76337,0.81418,0.74419,0.77667,0.74253,0.77806,0.73883,0.76390,0.72848,0.76142,0.75572,0.77020,0.77710,0.77262,0.76217,0.79289,0.76662,0.77137,0.73408,0.73308,0.77455,0.74642,0.74319,0.75005,0.77589,0.78752,0.75200,0.80182,0.75528,0.78850,0.76031,0.74814,0.78923,0.80819,0.79340,0.69415,0.76019,0.79021,0.74923,0.75117,0.79146,0.72780,0.75546,0.71287,0.76102,0.74954,0.79215,0.73868,0.78083,0.75729,0.73158,0.73789,0.77365,0.73645,0.75331,0.74503,0.74155,0.76635,0.74236,0.75242,0.74405,0.75150,0.77352,0.74605,0.71375,0.68876,0.73822,0.77107,0.73414,0.75965,0.74248,0.76850
0.75372,1.00000,0.75229,0.77669,0.75276,0.74753,0.77722,0.76864,0.72598,0.77535,0.73407,0.75540,0.78368,0.73249,0.75202,0.79901,0.77378,0.78317,0.78352,0.75036,0.81708,0.71078,0.77680,0.76217,0.78590,0.78621,0.78554,0.76878,0.78761,0.78166,0.77147,0.77671,0.77513,0.77552,0.77457,0.79962,0.77375,0.78024,0.77191,0.79731,0.78241,0.74715,0.77161,0.77535,0.77627,0.76411,0.73724,0.81747,0.75844,0.73033,0.77772,0.76196,0.76000,0.79024,0.74658,0.81724,0.75977,0.77937,0.72951,0.75987,0.71432,0.76871,0.72738,0.74388,0.76233,0.77867,0.78592,0.76168,0.78527,0.79312,0.76647,0.73498,0.76462,0.78259,0.78754,0.77436,0.75694,0.78242,0.74218,0.73843,0.74466,0.71318,0.77667,0.75552,0.75896,0.76435,0.76562
0.75888,0.75229,1.00000,0.76758,0.74749,0.72341,0.77002,0.78097,0.78365,0.77828,0.76783,0.77392,0.79041,0.73015,0.76872,0.78678,0.79932,0.72170,0.76910,0.78390,0.79551,0.69025,0.73885,0.72970,0.76484,0.76802,0.78123,0.78939,0.75999,0.79141,0.74791,0.77554,0.75265,0.75304,0.78480,0.73817,0.76097,0.74085,0.73971,0.75291,0.77340,0.75871,0.73126,0.75074,0.78778,0.75123,0.75319,0.80741,0.75219,0.71975,0.78053,0.73506,0.77168,0.75098,0.75516,0.77113,0.76305,0.76604,0.72745,0.77366,0.70874,0.75351,0.76860,0.73618,0.74994,0.71740,0.74029,0.75417,0.73024,0.78235,0.77024,0.74595,0.72140,0.74295,0.72960,0.76829,0.73968,0.77293,0.72439,0.71584,0.72282,0.73125,0.72507,0.71569,0.75401,0.72765,0.73847
0.78874,0.77669,0.76758,1.00000,0.76619,0.79917,0.82526,0.79551,0.76905,0.77394,0.76511,0.78771,0.77603,0.75011,0.77253,0.78806,0.80591,0.75457,0.82006,0.76563,0.82084,0.76077,0.76317,0.77816,0.74555,0.79295,0.77547,0.82783,0.80909,0.78508,0.77445,0.75952,0.80525,0.77943,0.79347,0.81492,0.77875,0.76911,0.80902,0.78326,0.77947,0.79731,0.78368,0.77754,0.79932,0.73250,0.78356,0.84183,0.80237,0.77853,0.75989,0.76521,0.73289,0.80079,0.75498,0.77501,0.79346,0.76482,0.74454,0.75275,0.75110,0.80031,0.75465,0.73495,0.77318,0.74967,0.82030,0.77398,0.76340,0.80224,0.78830,0.70906,0.74003,0.75256,0.78103,0.75616,0.77993,0.78889,0.77233,0.72217,0.73168,0.74993,0.76286,0.74247,0.81096,0.75184,0.77636
0.77392,0.75276,0.74749,0.76619,1.00000,0.75169,0.77525,0.74823,0.73549,0.77445,0.73544,0.75410,0.75234,0.70553,0.74341,0.76528,0.78775,0.79145,0.76268,0.78983,0.76111,0.75474,0.73301,0.73899,0.72405,0.73346,0.81588,0.76336,0.75436,0.74958,0.77378,0.77871,0.77785,0.72709,0.73946,0.82609,0.74635,0.78311,0.76282,0.74888,0.74896,0.73680,0.77331,0.72238,0.75710,0.76243,0.74509,0.78819,0.74917,0.72681,0.71534,0.73739,0.77791,0.76573,0.73260,0.76176,0.68396,0.74032,0.72287,0.77292,0.78801,0.74575,0.70511,0.73657,0.80056,0.75393,0.76729,0.77055,0.69950,0.74298,0.71647,0.73852,0.76723,0.73781,0.74731,0.70619,0.75241,0.75341,0.77549,0.76515,0.69044,0.67689,0.76642,0.73021,0.75936,0.74645,0.74652
0.74094,0.74753,0.72341,0.79917,0.75169,1.00000,0.79000,0.75008,0.74319,0.80668,0.73497,0.71945,0.76748,0.77412,0.77999,0.73970,0.81337,0.78626,0.78811,0.79300,0.76944,0.78778,0.70813,0.74877,0.74364,0.76829,0.78690,0.78103,0.79623,0.73020,0.77220,0.81516,0.80167,0.76547,0.77916,0.78076,0.81510,0.77915,0.75711,0.79028,0.74845,0.77811,0.79507,0.81097,0.81884,0.75075,0.81188,0.78765,0.75630,0.73333,0.77817,0.75413,0.72018,0.80115,0.76882,0.77417,0.77071,0.75009,0.75460,0.73067,0.72602,0.79306,0.72790,0.76867,0.75718,0.77531,0.79073,0.74933,0.73330,0.76873,0.79627,0.72248,0.73294,0.76113,0.80052,0.71858,0.75586,0.78468,0.74714,0.76629,0.75675,0.73460,0.78654,0.76198,0.78929,0.77042,0.78602
0.79259,0.77722,0.77002,0.82526,0.77525,0.79000,1.00000,0.79387,0.75601,0.81856,0.76733,0.81515,0.81316,0.74856,0.79066,0.81712,0.79496,0.77676,0.79213,0.80435,0.79252,0.78214,0.77333,0.76762,0.79051,0.78849,0.79017,0.82068,0.78626,0.77804,0.82055,0.78738,0.80803,0.73598,0.78049,0.80763,0.77081,0.78023,0.78658,0.81731,0.78416,0.75972,0.78983,0.80335,0.81235,0.76798,0.79976,0.81520,0.81050,0.80945,0.75414,0.77482,0.76350,0.80638,0.77337,0.79611,0.79260,0.73413,0.76015,0.78635,0.76558,0.80677,0.77098,0.78576,0.78066,0.77354,0.75220,0.80120,0.76880,0.81805,0.80861,0.79234,0.81681,0.79098,0.79977,0.74693,0.78430,0.81486,0.77675,0.77385,0.77782,0.77147,0.78641,0.78452,0.81860,0.76999,0.79836
0.78771,0.76864,0.78097,0.79551,0.74823,0.75008,0.79387,1.00000,0.72260,0.77937,0.79781,0.80850,0.80488,0.74145,0.77535,0.77901,0.79721,0.77422,0.77042,0.76207,0.79003,0.73317,0.72885,0.77433,0.77005,0.80493,0.78611,0.79969,0.78155,0.75796,0.77413,0.75557,0.78939,0.73615,0.82010,0.75810,0.77531,0.73336,0.75058,0.78491,0.74815,0.74697,0.78085,0.78680,0.77681,0.74836,0.77253,0.77604,0.77352,0.75960,0.74579,0.73310,0.76044,0.78404,0.74424,0.73281,0.76679,0.73600,0.73211,0.76011,0.70224,0.74247,0.73323,0.75674,0.74372,0.77522,0.80215,0.73728,0.72558,0.79685,0.77479,0.70950,0.74057,0.76910,0.75354,0.72584,0.75746,0.76175,0.74323,0.76639,0.73511,0.74242,0.72086,0.70040,0.77912,0.72180,0.74054
0.76165,0.72598,0.78365,0.76905,0.73549,0.74319,0.75601,0.72260,1.00000,0.78380,0.76190,0.77277,0.76319,0.76319,0.73917,0.77891,0.80406,0.75780,0.75271,0.76241,0.79907,0.70547,0.76008,0.69132,0.75378,0.76225,0.76897,0.77925,0.74658,0.76102,0.74571,0.80285,0.76413,0.76308,0.73867,0.80914,0.75910,0.76301,0.73726,0.79432,0.78499,0.77438,0.77201,0.75826,0.78342,0.77595,0.76831,0.77579,0.74909,0.77966,0.74288,0.80145,0.73888,0.76498,0.75481,0.76088,0.74893,0.76302,0.77051,0.77280,0.72700,0.76933,0.71561,0.75817,0.73268,0.74377,0.69933,0.74000,0.75488,0.74367,0.74420,0.74321,0.73402,0.73908,0.73343,0.78314,0.73535,0.75982,0.72826,0.71027,0.74172,0.70707,0.76841,0.73290,0.79282,0.76761,0.79383
0.76687,0.77535,0.77828,0.77394,0.77445,0.80668,0.81856,0.77937,0.78380,1.00000,0.75603,0.78269,0.77350,0.76157,0.78069,0.79972,0.82285,0.79166,0.77149,0.77551,0.80135,0.77958,0.74965,0.76056,0.75540,0.80219,0.81691,0.78797,0.79926,0.78628,0.80563,0.81738,0.82276,0.77400,0.80950,0.78932,0.78028,0.78749,0.75438,0.83846,0.80704,0.80839,0.78792,0.77278,0.80695,0.77364,0.79669,0.80571,0.76735,0.78912,0.77062,0.75693,0.78230,0.81474,0.77653,0.79331,0.77316,0.75436,0.78072,0.79469,0.74286,0.77749,0.75360,0.76407,0.74531,0.77316,0.79169,0.77047,0.77057,0.81123,0.77427,0.77226,0.79854,0.79089,0.78613,0.77407,0.77568,0.77411,0.74271,0.79311,0.75657,0.76482,0.81264,0.75982,0.81090,0.80134,0.77898
0.78482,0.73407,0.76783,0.76511,0.73544,0.73497,0.76733,0.79781,0.76190,0.75603,1.00000,0.79083,0.78462,0.78528,0.77035,0.78967,0.82262,0.79488,0.75503,0.78241,0.76410,0.74443,0.74877,0.77358,0.76448,0.75329,0.76743,0.79903,0.79201,0.77673,0.78888,0.78808,0.77857,0.77513,0.79311,0.79084,0.76007,0.74782,0.74994,0.76690,0.78910,0.79663,0.79632,0.80356,0.81382,0.77850,0.83564,0.74027,0.80083,0.76596,0.74265,0.79433,0.76924,0.78328,0.75504,0.77265,0.76699,0.77199,0.72068,0.77248,0.75346,0.73713,0.76393,0.78294,0.78892,0.78013,0.75751,0.77466,0.78733,0.75148,0.78625,0.75026,0.77861,0.78232,0.74903,0.76960,0.80442,0.80134,0.78165,0.75852,0.78574,0.73783,0.80613,0.74470,0.80193,0.73822,0.75946
0.81448,0.75540,0.77392,0.78771,0.75410,0.71945,0.81515,0.80850,0.77277,0.78269,0.79083,1.00000,0.79694,0.77793,0.77498,0.78406,0.81301,0.78561,0.74507,0.76681,0.79938,0.72732,0.73155,0.79916,0.77575,0.80416,0.79215,0.80586,0.77841,0.76724,0.76689,0.76535,0.80337,0.75003,0.78316,0.76511,0.77999,0.76341,0.79700,0.76001,0.77669,0.75776,0.77549,0.78778,0.75091,0.77832,0.75978,0.76941,0.78177,0.78399,0.74559,0.77466,0.79167,0.78057,0.75729,0.79167,0.77142,0.72954,0.75209,0.76779,0.71454,0.78026,0.77007,0.74009,0.74115,0.76487,0.78525,0.74098,0.76675,0.79653,0.77571,0.74893,0.75539,0.80279,0.76021,0.75685,0.74979,0.79942,0.71713,0.74789,0.72943,0.75400,0.76433,0.71456,0.78205,0.74421,0.78703
0.77947,0.78368,0.79041,0.77603,0.75234,0.76748,0.81316,0.80488,0.76319,0.77350,0.78462,0.79694,1.00000,0.77302,0.79442,0.79188,0.78778,0.74482,0.77573,0.78423,0.77421,0.69815,0.77690,0.78831,0.76597,0.79405,0.80129,0.78701,0.80075,0.77042,0.78511,0.78251,0.80096,0.75732,0.76704,0.74499,0.77419,0.75732,0.77523,0.79988,0.78451,0.74867,0.77239,0.79084,0.77641,0.77694,0.78610,0.79416,0.80796,0.77332,0.76968,0.75653,0.74109,0.76898,0.76823,0.79093,0.77161,0.75256,0.74155,0.73786,0.71393,0.75769,0.77133,0.74031,0.74373,0.73616,0.75513,0.76528,0.76821,0.80281,0.76750,0.72955,0.77081,0.78369,0.77331,0.74972,0.77333,0.82233,0.73178,0.75460,0.72598,0.74700,0.74118,0.76620,0.77916,0.75340,0.78185
0.73955,0.73249,0.73015,0.75011,0.70553,0.77412,0.74856,0.74145,0.76319,0.76157,0.78528,0.77793,0.77302,1.00000,0.78539,0.79135,0.80940,0.78313,0.77759,0.76238,0.77191,0.69699,0.74699,0.76199,0.72750,0.76475,0.76402,0.73370,0.75088,0.75291,0.73437,0.79267,0.77261,0.77154,0.76612,0.75541,0.78241,0.73700,0.75746,0.77573,0.74353,0.80245,0.80776,0.76083,0.78015,0.76402,0.76691,0.73103,0.77221,0.75465,0.74414,0.78310,0.73671,0.77883,0.73008,0.78120,0.75967,0.71052,0.71645,0.74127,0.75534,0.78643,0.75407,0.77207,0.76062,0.74062,0.74902,0.77369,0.73807,0.78084,0.79453,0.74848,0.75687,0.79376,0.76882,0.76893,0.77057,0.78852,0.71012,0.76987,0.77086,0.72190,0.78133,0.71482,0.75406,0.80561,0.78455
0.73042,0.75202,0.76872,0.77253,0.74341,0.77999,0.79066,0.77535,0.73917,0.78069,0.77035,0.77498,0.79442,0.78539,1.00000,0.78939,0.79727,0.77906,0.73884,0.81976,0.79342,0.73564,0.72018,0.73800,0.78995,0.77116,0.77896,0.80126,0.78839,0.76141,0.74096,0.79054,0.77671,0.79730,0.74922,0.74859,0.78657,0.78874,0.79652,0.76320,0.75876,0.76246,0.80479,0.77466,0.81260,0.76347,0.76667,0.78780,0.76269,0.75707,0.78404,0.72383,0.78695,0.79990,0.78120,0.78764,0.78707,0.74844,0.75707,0.77034,0.76632,0.79582,0.76599,0.78450,0.75955,0.76281,0.77539,0.76492,0.72450,0.79990,0.79045,0.74204,0.76826,0.74295,0.78111,0.75500,0.79400,0.79724,0.73325,0.78391,0.73599,0.74943,0.77330,0.76997,0.80449,0.76121,0.75904
0.76337,0.79901,0.78678,0.78806,0.76528,0.73970,0.81712,0.77901,0.77891,0.79972,0.78967,0.78406,0.79188,0.79135,0.78939,1.00000,0.81213,0.79416,0.78174,0.77523,0.81700,0.73016,0.78074,0.76131,0.77027,0.79279,0.76646,0.80253,0.75687,0.78194,0.77407,0.79902,0.78234,0.76477,0.80248,0.79372,0.78599,0.78989,0.74690,0.81361,0.77400,0.77604,0.77275,0.80382,0.80902,0.77698,0.79753,0.78647,0.78178,0.76054,0.78853,0.78417,0.77053,0.80708,0.78425,0.80125,0.78021,0.78284,0.73729,0.77042,0.74407,0.79580,0.74704,0.77976,0.76710,0.77090,0.74751,0.75495,0.77405,0.80245,0.75978,0.74549,0.78560,0.78661,0.81469,0.76158,0.77960,0.77241,0.74564,0.75459,0.80028,0.74931,0.80074,0.74054,0.77351,0.76986,0.78560
0.81418,0.77378,0.79932,0.80591,0.78775,0.81337,0.79496,0.79721,0.80406,0.82285,0.82262,0.81301,0.78778,0.80940,0.79727,0.81213,1.00000,0.81020,0.79452,0.80256,0.80503,0.79904,0.76672,0.78789,0.82793,0.80280,0.80480,0.80279,0.78606,0.79154,0.78563,0.83078,0.79701,0.78223,0.80491,0.79824,0.81572,0.78340,0.78399,0.77799,0.81382,0.81297,0.80448,0.79970,0.82782,0.80647,0.80721,0.81474,0.82835,0.82005,0.79020,0.78163,0.78910,0.82151,0.79152,0.80367,0.79715,0.79283,0.80034,0.80340,0.78377,0.80554,0.77348,0.80735,0.79471,0.78338,0.77370,0.77399,0.79258,0.77324,0.80408,0.81228,0.78631,0.78963,0.79949,0.76163,0.81323,0.77164,0.74781,0.76122,0.77960,0.76524,0.78349,0.76771,0.83260,0.80900,0.82714
0.74419,0.78317,0.72170,0.75457,0.79145,0.78626,0.77676,0.77422,0.75780,0.79166,0.79488,0.78561,0.74482,0.78313,0.77906,0.79416,0.81020,1.00000,0.76879,0.77232,0.79565,0.78589,0.73034,0.72734,0.75238,0.74464,0.80978,0.77809,0.76328,0.78738,0.76519,0.77669,0.79520,0.77927,0.77287,0.79838,0.76183,0.77200,0.79619,0.80451,0.77677,0.77893,0.79510,0.81293,0.78549,0.77974,0.78452,0.76254,0.75135,0.74748,0.73561,0.74807,0.75032,0.78941,0.76882,0.81223,0.77696,0.75389,0.76798,0.78442,0.77738,0.78595,0.74941,0.82053,0.78108,0.78582,0.77275,0.78464,0.77281,0.76965,0.76346,0.75378,0.77130,0.77728,0.78679,0.76573,0.75438,0.75871,0.77187,0.76373,0.78095,0.70156,0.78256,0.74763,0.77487,0.76031,0.75679
0.77667,0.78352,0.76910,0.82006,0.76268,0.78811,0.79213,0.77042,0.75271,0.77149,0.75503,0.74507,0.77573,0.77759,0.73884,0.78174,0.79452,0.76879,1.00000,0.75607,0.79390,0.76046,0.74746,0.74610,0.74369,0.79318,0.77414,0.80146,0.77955,0.72797,0.77884,0.80387,0.77602,0.77177,0.71512,0.76808,0.77321,0.75928,0.78546,0.78226,0.77676,0.77929,0.78095,0.72564,0.79148,0.76436,0.77143,0.82569,0.79214,0.75068,0.76447,0.79420,0.77261,0.79339,0.72557,0.79840,0.74711,0.75546,0.75871,0.78015,0.75347,0.78737,0.75218,0.79403,0.76071,0.73827,0.77944,0.78351,0.75476,0.75225,0.77789,0.73173,0.77418,0.76743,0.77011,0.77240,0.77017,0.76881,0.77136,0.77059,0.71500,0.72661,0.76691,0.76390,0.80315,0.76939,0.80540
0.74253,0.75036,0.78390,0.76563,0.78983,0.79300,0.80435,0.76207,0.76241,0.77551,0.78241,0.76681,0.78423,0.76238,0.81976,0.77523,0.80256,0.77232,0.75607,1.00000,0.78886,0.78755,0.74823,0.76783,0.75340,0.74897,0.79220,0.77146,0.76253,0.75848,0.77718,0.78158,0.79991,0.80028,0.75708,0.77040,0.76075,0.75292,0.76124,0.75169,0.76041,0.74568,0.79121,0.79726,0.79378,0.75517,0.77503,0.78653,0.74960,0.74436,0.77737,0.75040,0.75543,0.81340,0.77602,0.80016,0.76634,0.78706,0.75819,0.78080,0.75598,0.78081,0.73576,0.80420,0.80211,0.78202,0.79344,0.78552,0.74152,0.80887,0.76688,0.75200,0.75386,0.77533,0.79157,0.74072,0.77006,0.80542,0.75026,0.78690,0.78684,0.73249,0.77963,0.79951,0.79354,0.78587,0.76735
0.77806,0.81708,0.79551,0.82084,0.76111,0.76944,0.79252,0.79003,0.79907,0.80135,0.76410,0.79938,0.77421,0.77191,0.79342,0.81700,0.80503,0.79565,0.79390,0.78886,1.00000,0.78550,0.81794,0.78224,0.76831,0.78616,0.79307,0.81491,0.79409,0.82513,0.76297,0.79624,0.80440,0.78688,0.79552,0.79431,0.79741,0.77841,0.81188,0.79588,0.81407,0.81044,0.81475,0.79206,0.79547,0.79279,0.80711,0.83517,0.80836,0.80506,0.81535,0.77898,0.78554,0.80270,0.78694,0.80112,0.77777,0.79773,0.77815,0.82553,0.74591,0.79402,0.77857,0.79845,0.83086,0.77419,0.79720,0.78523,0.76711,0.83119,0.80653,0.76916,0.78227,0.77613,0.76311,0.82224,0.78684,0.78733,0.80242,0.77907,0.75403,0.75656,0.79675,0.76850,0.79641,0.76597,0.78293
0.73883,0.71078,0.69025,0.76077,0.75474,0.78778,0.78214,0.73317,0.70547,0.77958,0.74443,0.72732,0.69815,0.69699,0.73564,0.73016,0.79904,0.78589,0.76046,0.78755,0.78550,1.00000,0.70041,0.72801,0.71667,0.73788,0.76916,0.75209,0.77890,0.74862,0.73657,0.78379,0.78790,0.74613,0.74480,0.74725,0.73824,0.76843,0.73835,0.77873,0.74966,0.74880,0.77729,0.78295,0.75126,0.74066,0.78089,0.76846,0.73560,0.73874,0.74146,0.70827,0.71495,0.78258,0.74930,0.75648,0.71895,0.70881,0.72699,0.74808,0.75157,0.73947,0.70915,0.74554,0.73991,0.75453,0.76582,0.73357,0.72404,0.73919,0.73651,0.73530,0.70709,0.71004,0.75303,0.70934,0.73575,0.70939,0.72123,0.71060,0.75502,0.71072,0.76374,0.73663,0.78936,0.74726,0.75822
0.76390,0.77680,0.73885,0.76317,0.73301,0.70813,0.77333,0.72885,0.76008,0.74965,0.74877,0.73155,0.77690,0.74699,0.72018,0.78074,0.76672,0.73034,0.74746,0.74823,0.81794,0.70041,1.00000,0.73764,0.77158,0.73393,0.75120,0.77893,0.75365,0.75631,0.73698,0.78813,0.75333,0.74667,0.68323,0.77431,0.77592,0.73965,0.78105,0.78666,0.80229,0.75256,0.76481,0.72042,0.75602,0.78334,0.74473,0.77094,0.76077,0.78264,0.75630,0.77244,0.70468,0.74158,0.75588,0.75175,0.77365,0.75331,0.72129,0.74412,0.72542,0.77098,0.73385,0.74743,0.75464,0.72762,0.71095,0.78379,0.73410,0.74592,0.75599,0.71462,0.75373,0.75398,0.72480,0.75704,0.72884,0.74268,0.75243,0.76582,0.73305,0.73683,0.74687,0.75599,0.75344,0.78767,0.74988
0.72848,0.76217,0.72970,0.77816,0.73899,0.74877,0.76762,0.77433,0.69132,0.76056,0.77358,0.79916,0.78831,0.76199,0.73800,0.76131,0.78789,0.72734,0.74610,0.76783,0.78224,0.72801,0.73764,1.00000,0.75283,0.79423,0.77657,0.74489,0.78390,0.74795,0.74769,0.74836,0.79855,0.76453,0.75757,0.72707,0.75748,0.72516,0.74967,0.75969,0.73229,0.72341,0.73543,0.77046,0.76268,0.73573,0.74413,0.76241,0.78785,0.76403,0.79276,0.74833,0.75767,0.74313,0.75380,0.75782,0.75121,0.72424,0.70540,0.70360,0.70477,0.72277,0.71780,0.71858,0.76703,0.71891,0.78313,0.73000,0.74119,0.76538,0.73917,0.72984,0.77417,0.77073,0.76771,0.73693,0.74924,0.76045,0.76527,0.74711,0.74539,0.72619,0.73626,0.76439,0.76814,0.74385,0.74948
0.76142,0.78590,0.76484,0.74555,0.72405,0.74364,0.79051,0.77005,0.75378,0.75540,0.76448,0.77575,0.76597,0.72750,0.78995,0.77027,0.82793,0.75238,0.74369,0.75340,0.76831,0.71667,0.77158,0.75283,1.00000,0.77320,0.77847,0.76964,0.75426,0.77725,0.76144,0.75688,0.74385,0.75129,0.76198,0.79298,0.76798,0.75132,0.82345,0.75087,0.80185,0.75332,0.80710,0.75471,0.79868,0.77305,0.76812,0.78845,0.77134,0.75071,0.73699,0.75851,0.78906,0.77416,0.78665,0.74552,0.75243,0.75703,0.73680,0.78617,0.70423,0.73774,0.74062,0.77244,0.74114,0.77255,0.75346,0.73485,0.77135,0.77245,0.80429,0.77485,0.72106,0.76624,0.76675,0.76484,0.76861,0.74206,0.71784,0.75555,0.75196,0.76311,0.73465,0.78892,0.78693,0.78630,0.74979
0.75572,0.78621,0.76802,0.79295,0.73346,0.76829,0.78849,0.80493,0.76225,0.80219,0.75329,0.80416,0.79405,0.76475,0.77116,0.79279,0.80280,0.74464,0.79318,0.74897,0.78616,0.73788,0.73393,0.79423,0.77320,1.00000,0.78514,0.78101,0.83534,0.78741,0.75524,0.79952,0.77539,0.78182,0.78170,0.76742,0.81330,0.76081,0.76091,0.79005,0.78074,0.75766,0.78274,0.79844,0.77508,0.79623,0.77930,0.80772,0.76359,0.77672,0.78608,0.76050,0.79166,0.80133,0.78108,0.76624,0.76544,0.72171,0.75823,0.74859,0.76835,0.76140,0.76685,0.76421,0.74272,0.75345,0.78086,0.75140,0.76701,0.78498,0.76959,0.72784,0.74671,0.78668,0.76970,0.76161,0.77275,0.76936,0.71741,0.73302,0.74394,0.74491,0.76319,0.74378,0.80177,0.75834,0.79667
0.77020,0.78554,0.78123,0.77547,0.81588,0.78690,0.79017,0.78611,0.76897,0.81691,0.76743,0.79215,0.80129,0.76402,0.77896,0.76646,0.80480,0.80978,0.77414,0.79220,0.79307,0.76916,0.75120,0.77657,0.77847,0.78514,1.00000,0.78837,0.82000,0.78536,0.79492,0.80718,0.82625,0.75192,0.80424,0.78126,0.78386,0.80514,0.80097,0.80713,0.77071,0.75118,0.80260,0.77041,0.80325,0.77646,0.78423,0.74947,0.77551,0.76218,0.74683,0.74549,0.77335,0.78629,0.78713,0.76849,0.73093,0.77065,0.75032,0.79017,0.74720,0.77102,0.76690,0.73055,0.77862,0.78270,0.78747,0.74228,0.79137,0.79206,0.80387,0.78803,0.76216,0.78183,0.78723,0.79978,0.77712,0.79098,0.76558,0.79576,0.75749,0.73209,0.80950,0.76459,0.77124,0.80039,0.78071
0.77710,0.76878,0.78939,0.82783,0.76336,0.78103,0.82068,0.79969,0.77925,0.78797,0.79903,0.80586,0.78701,0.73370,0.80126,0.80253,0.80279,0.77809,0.80146,0.77146,0.81491,0.75209,0.77893,0.74489,0.76964,0.78101,0.78837,1.00000,0.78584,0.77176,0.76365,0.77041,0.80029,0.72927,0.77945,0.77243,0.78824,0.77899,0.80264,0.77447,0.79583,0.80213,0.78291,0.77988,0.81661,0.75540,0.80261,0.79973,0.80215,0.78756,0.76029,0.74738,0.78234,0.81383,0.75088,0.77745,0.77832,0.78727,0.79336,0.77723,0.73090,0.78324,0.75743,0.79156,0.74339,0.80312,0.76769,0.78298,0.79284,0.77547,0.77163,0.76586,0.77404,0.75582,0.73845,0.77288,0.80435,0.77938,0.74757,0.77806,0.77610,0.76380,0.76039,0.76425,0.81512,0.74183,0.77885
0.77262,0.78761,0.75999,0.80909,0.75436,0.79623,0.78626,0.78155,0.74658,0.79926,0.79201,0.77841,0.80075,0.75088,0.78839,0.75687,0.78606,0.76328,0.77955,0.76253,0.79409,0.77890,0.75365,0.78390,0.75426,0.83534,0.82000,0.78584,1.00000,0.74680,0.77701,0.81472,0.79982,0.77415,0.77225,0.76462,0.79524,0.77676,0.80112,0.77430,0.78109,0.78532,0.80801,0.77917,0.77096,0.79163,0.77440,0.80235,0.76530,0.73283,0.75763,0.75992,0.74244,0.80763,0.78319,0.80050,0.78673,0.74061,0.76880,0.74411,0.73825,0.77966,0.77547,0.75291,0.76891,0.75865,0.76248,0.76755,0.74426,0.77259,0.75293,0.74802,0.75749,0.73986,0.76756,0.75228,0.79819,0.79459,0.78079,0.74810,0.76199,0.74397,0.77534,0.76060,0.79276,0.78026,0.75702
0.76217,0.78166,0.79141,0.78508,0.74958,0.73020,0.77804,0.75796,0.76102,0.78628,0.77673,0.76724,0.77042,0.75291,0.76141,0.78194,0.79154,0.78738,0.72797,0.75848,0.82513,0.74862,0.75631,0.74795,0.77725,0.78741,0.78536,0.77176,0.74680,1.00000,0.75378,0.77698,0.75818,0.77585,0.77727,0.76746,0.76123,0.75198,0.76375,0.80436,0.79170,0.76620,0.77628,0.76266,0.79412,0.71336,0.77551,0.80117,0.75976,0.76546,0.75863,0.74142,0.76791,0.73644,0.76768,0.78613,0.72840,0.72693,0.75636,0.81466,0.75320,0.76406,0.75344,0.75379,0.75946,0.74076,0.75978,0.74983,0.74891,0.79757,0.79297,0.72002,0.75156,0.80317,0.74721,0.74531,0.75929,0.78557,0.74183,0.73296,0.75197,0.73972,0.75523,0.76321,0.77124,0.75423,0.72952
0.79289,0.77147,0.74791,0.77445,0.77378,0.77220,0.82055,0.77413,0.74571,0.80563,0.78888,0.76689,0.78511,0.73437,0.74096,0.77407,0.78563,0.76519,0.77884,0.77718,0.76297,0.73657,0.73698,0.74769,0.76144,0.75524,0.79492,0.76365,0.77701,0.75378,1.00000,0.73634,0.79257,0.75594,0.77122,0.79134,0.75899,0.75370,0.75025,0.79902,0.77909,0.74032,0.77813,0.74952,0.75351,0.74505,0.77213,0.77138,0.76094,0.75950,0.74412,0.75620,0.77277,0.80044,0.72917,0.79481,0.74920,0.75868,0.78476,0.75148,0.75894,0.78445,0.68016,0.74240,0.76747,0.76368,0.75214,0.76388,0.76677,0.76651,0.77240,0.72677,0.77449,0.77512,0.77840,0.74027,0.76059,0.77098,0.74227,0.73399,0.72709,0.75113,0.78206,0.79668,0.74334,0.76713,0.76776
0.76662,0.77671,0.77554,0.75952,0.77871,0.81516,0.78738,0.75557,0.80285,0.81738,0.78808,0.76535,0.78251,0.79267,0.79054,0.79902,0.83078,0.77669,0.80387,0.78158,0.79624,0.78379,0.78813,0.74836,0.75688,0.79952,0.80718,0.77041,0.81472,0.77698,0.73634,1.00000,0.77413,0.78580,0.76850,0.80807,0.80859,0.78877,0.77865,0.80597,0.78804,0.78794,0.79717,0.78447,0.82455,0.80476,0.81084,0.80338,0.76459,0.74487,0.77511,0.77844,0.77810,0.78990,0.80616,0.80380,0.79716,0.78470,0.77624,0.78781,0.75695,0.80817,0.78578,0.77356,0.76215,0.75976,0.76177,0.77924,0.75340,0.78009,0.77881,0.77828,0.77491,0.77701,0.77751,0.78033,0.79662,0.77931,0.74963,0.77441,0.77836,0.75452,0.81404,0.74396,0.82164,0.78993,0.79741
0.77137,0.77513,0.75265,0.80525,0.77785,0.80167,0.80803,0.78939,0.76413,0.82276,0.77857,0.80337,0.80096,0.77261,0.77671,0.78234,0.79701,0.79520,0.77602,0.79991,0.80440,0.78790,0.75333,0.79855,0.74385,0.77539,0.82625,0.80029,0.79982,0.75818,0.79257,0.77413,1.00000,0.77407,0.76282,0.79056,0.81095,0.81657,0.75474,0.78067,0.76769,0.78790,0.78533,0.77863,0.80027,0.78313,0.79287,0.79550,0.76570,0.79070,0.74440,0.75680,0.76735,0.78998,0.78555,0.78350,0.77733,0.75889,0.73668,0.77255,0.75715,0.78955,0.76241,0.75756,0.78690,0.79297,0.78963,0.72755,0.75797,0.82448,0.79394,0.72770,0.76822,0.77136,0.77676,0.76258,0.77939,0.76334,0.78928,0.76348,0.73453,0.73386,0.78459,0.74314,0.82123,0.78682,0.78608
0.73408,0.77552,0.75304,0.77943,0.72709,0.76547,0.73598,0.73615,0.76308,0.77400,0.77513,0.75003,0.75732,0.77154,0.79730,0.76477,0.78223,0.77927,0.77177,0.80028,0.78688,0.74613,0.74667,0.76453,0.75129,0.78182,0.75192,0.72927,0.77415,0.77585,0.75594,0.78580,0.77407,1.00000,0.73990,0.77696,0.76481,0.77481,0.73668,0.78393,0.77651,0.76638,0.74099,0.78555,0.78212,0.76811,0.76901,0.77021,0.75843,0.76365,0.79193,0.76945,0.73848,0.75376,0.76701,0.79418,0.77881,0.73261,0.70709,0.75119,0.75921,0.76114,0.68649,0.74548,0.78108,0.72861,0.81907,0.75271,0.72106,0.76301,0.73242,0.70621,0.75741,0.73643,0.78957,0.75797,0.73636,0.77861,0.73753,0.73545,0.72181,0.73252,0.78786,0.74893,0.76693,0.73229,0.75648
0.73308,0.77457,0.78480,0.79347,0.73946,0.77916,0.78049,0.82010,0.73867,0.80950,0.79311,0.78316,0.76704,0.76612,0.74922,0.80248,0.80491,0.77287,0.71512,0.75708,0.79552,0.74480,0.68323,0.75757,0.76198,0.78170,0.80424,0.77945,0.77225,0.77727,0.77122,0.76850,0.76282,0.73990,1.00000,0.79369,0.74440,0.75610,0.74968,0.77286,0.74964,0.79422,0.80629,0.80609,0.78280,0.74509,0.81730,0.74308,0.76832,0.75779,0.74610,0.72981,0.76813,0.77866,0.77519,0.75395,0.78194,0.73955,0.74927,0.78823,0.70659,0.76927,0.77613,0.74251,0.75614,0.80197,0.80461,0.73763,0.81806,0.80769,0.79049,0.77826,0.72813,0.79038,0.79550,0.78387,0.75644,0.76290,0.73064,0.75880,0.78022,0.77751,0.77834,0.71377,0.77996,0.77523,0.74669
0.77455,0.79962,0.73817,0.81492,0.82609,0.78076,0.80763,0.75810,0.80914,0.78932,0.79084,0.76511,0.74499,0.75541,0.74859,0.79372,0.79824,0.79838,0.76808,0.77040,0.79431,0.74725,0.77431,0.72707,0.79298,0.76742,0.78126,0.77243,0.76462,0.76746,0.79134,0.80807,0.79056,0.77696,0.79369,1.00000,0.77987,0.78056,0.79178,0.79177,0.80031,0.80408,0.82578,0.78223,0.81822,0.78757,0.79077,0.80126,0.74920,0.76668,0.70296,0.78293,0.75719,0.78661,0.74732,0.76950,0.78526,0.75973,0.73731,0.79647,0.77594,0.78917,0.74859,0.77258,0.79033,0.79118,0.79094,0.78460,0.76458,0.81951,0.77278,0.76069,0.75814,0.73413,0.75951,0.77407,0.75073,0.76263,0.78576,0.76257,0.77240,0.73604,0.81789,0.75828,0.80178,0.76857,0.81173
0.74642,0.77375,0.76097,0.77875,0.74635,0.81510,0.77081,0.77531,0.75910,0.78028,0.76007,0.77999,0.77419,0.78241,0.78657,0.78599,0.81572,0.76183,0.77321,0.76075,0.79741,0.73824,0.77592,0.75748,0.76798,0.81330,0.78386,0.78824,0.79524,0.76123,0.75899,0.80859,0.81095,0.76481,0.74440,0.77987,1.00000,0.76502,0.76788,0.75315,0.75704,0.78070,0.75732,0.78022,0.78207,0.79531,0.76752,0.80587,0.74967,0.73189,0.80401,0.75335,0.74091,0.79948,0.77231,0.76493,0.74584,0.72366,0.74148,0.73107,0.71761,0.77379,0.73745,0.73393,0.74391,0.77627,0.76936,0.72665,0.74136,0.75426,0.78307,0.70784,0.75495,0.74324,0.78168,0.73942,0.78658,0.78165,0.73532,0.76332,0.75524,0.72210,0.74505,0.74630,0.77814,0.75104,0.81474
0.74319,0.78024,0.74085,0.76911,0.78311,0.77915,0.78023,0.73336,0.76301,0.78749,0.74782,0.76341,0.75732,0.73700,0.78874,0.78989,0.78340,0.77200,0.75928,0.75292,0.77841,0.76843,0.73965,0.72516,0.75132,0.76081,0.80514,0.77899,0.77676,0.75198,0.75370,0.78877,0.81657,0.77481,0.75610,0.78056,0.76502,1.00000,0.74244,0.81929,0.76834,0.75615,0.78056,0.78654,0.77736,0.74744,0.78908,0.73359,0.76245,0.75208,0.74064,0.74186,0.76324,0.76029,0.74405,0.77481,0.72634,0.77160,0.72163,0.75736,0.72035,0.78729,0.75519,0.76102,0.76380,0.80332,0.78084,0.76409,0.75379,0.77383,0.77624,0.73612,0.76218,0.72713,0.78718,0.73149,0.77189,0.78291,0.75144,0.78367,0.74398,0.68436,0.79414,0.75870,0.78792,0.74263,0.78040
0.75005,0.77191,0.73971,0.80902,0.76282,0.75711,0.78658,0.75058,0.73726,0.75438,0.74994,0.79700,0.77523,0.75746,0.79652,0.74690,0.78399,0.79619,0.78546,0.76124,0.81188,0.73835,0.78105,0.74967,0.82345,0.76091,0.80097,0.80264,0.80112,0.76375,0.75025,0.77865,0.75474,0.73668,0.74968,0.79178,0.76788,0.74244,1.00000,0.77791,0.77234,0.75616,0.78096,0.76963,0.76079,0.75624,0.78622,0.79147,0.77097,0.75410,0.73082,0.76386,0.77040,0.76136,0.74592,0.79968,0.75465,0.75755,0.76456,0.77653,0.72917,0.78292,0.72808,0.77298,0.79096,0.78660,0.76818,0.77381,0.76704,0.78013,0.79877,0.76693,0.73347,0.77392,0.75715,0.81874,0.79778,0.77587,0.77025,0.78507,0.72206,0.74733,0.74325,0.75852,0.79793,0.75160,0.76754
0.77589,0.79731,0.75291,0.78326,0.74888,0.79028,0.81731,0.78491,0.79432,0.83846,0.76690,0.76001,0.79988,0.77573,0.76320,0.81361,0.77799,0.80451,0.78226,0.75169,0.79588,0.77873,0.78666,0.75969,0.75087,0.79005,0.80713,0.77447,0.77430,0.80436,0.79902,0.80597,0.78067,0.78393,0.77286,0.79177,0.75315,0.81929,0.77791,1.00000,0.76885,0.76174,0.77736,0.78605,0.80655,0.77456,0.81407,0.77344,0.78444,0.79303,0.78428,0.77650,0.77002,0.75839,0.74981,0.79338,0.75967,0.75353,0.73301,0.75843,0.75366,0.79676,0.73854,0.75494,0.73713,0.76981,0.77528,0.77593,0.78014,0.77591,0.76509,0.73677,0.77411,0.77959,0.77289,0.76341,0.77286,0.78591,0.76352,0.75045,0.75794,0.73106,0.80683,0.75394,0.75804,0.73891,0.74989
0.78752,0.78241,0.77340,0.77947,0.74896,0.74845,0.78416,0.74815,0.78499,0.80704,0.78910,0.77669,0.78451,0.74353,0.75876,0.77400,0.81382,0.77677,0.77676,0.76041,0.81407,0.74966,0.80229,0.73229,0.80185,0.78074,0.77071,0.79583,0.78109,0.79170,0.77909,0.78804,0.76769,0.77651,0.74964,0.80031,0.75704,0.76834,0.77234,0.76885,1.00000,0.77223,0.80617,0.76345,0.81576,0.78202,0.73655,0.80316,0.76392,0.76220,0.73724,0.77175,0.78461,0.81335,0.76133,0.79947,0.79257,0.76891,0.77477,0.78520,0.74532,0.77415,0.75295,0.80805,0.77270,0.76136,0.76112,0.76199,0.72267,0.78331,0.77406,0.76676,0.77885,0.77387,0.75414,0.76511,0.76945,0.71921,0.75425,0.76208,0.78370,0.75533,0.78311,0.76789,0.79063,0.79414,0.75667
0.75200,0.74715,0.75871,0.79731,0.73680,0.77811,0.75972,0.74697,0.77438,0.80839,0.79663,0.75776,0.74867,0.80245,0.76246,0.77604,0.81297,0.77893,0.77929,0.74568,0.81044,0.74880,0.75256,0.72341,0.75332,0.75766,0.75118,0.80213,0.78532,0.76620,0.74032,0.78794,0.78790,0.76638,0.79422,0.80408,0.78070,0.75615,0.75616,0.76174,0.77223,1.00000,0.81543,0.76918,0.81003,0.75482,0.80749,0.77369,0.75308,0.74764,0.73645,0.75123,0.77177,0.80420,0.74556,0.77455,0.78113,0.72868,0.72867,0.77885,0.75519,0.75225,0.78141,0.76827,0.75800,0.76631,0.76060,0.76327,0.79044,0.76734,0.78203,0.72953,0.72931,0.76238,0.73960,0.77942,0.78065,0.77064,0.73648,0.76888,0.77364,0.77566,0.79761,0.72616,0.79480,0.77059,0.79689
0.80182,0.77161,0.73126,0.78368,0.77331,0.79507,0.78983,0.78085,0.77201,0.78792,0.79632,0.77549,0.77239,0.80776,0.80479,0.77275,0.80448,0.79510,0.78095,0.79121,0.81475,0.77729,0.76481,0.73543,0.80710,0.78274,0.80260,0.78291,0.80801,0.77628,0.77813,0.79717,0.78533,0.74099,0.80629,0.82578,0.75732,0.78056,0.78096,0.77736,0.80617,0.81543,1.00000,0.80475,0.81295,0.78121,0.80970,0.80891,0.77172,0.81450,0.72763,0.78419,0.78818,0.81827,0.81038,0.76468,0.75402,0.76348,0.77268,0.80206,0.79881,0.79044,0.82918,0.80624,0.81459,0.79943,0.78619,0.79578,0.75963,0.82594,0.80516,0.78745,0.76415,0.79931,0.81931,0.78432,0.80035,0.78908,0.75464,0.80526,0.78443,0.77456,0.84269,0.76158,0.77636,0.82092,0.81503
0.75528,0.77535,0.75074,0.77754,0.72238,0.81097,0.80335,0.78680,0.75826,0.77278,0.80356,0.78778,0.79084,0.76083,0.77466,0.80382,0.79970,0.81293,0.72564,0.79726,0.79206,0.78295,0.72042,0.77046,0.75471,0.79844,0.77041,0.77988,0.77917,0.76266,0.74952,0.78447,0.77863,0.78555,0.80609,0.78223,0.78022,0.78654,0.76963,0.78605,0.76345,0.76918,0.80475,1.00000,0.78906,0.76637,0.82272,0.74990,0.78387,0.78208,0.75075,0.74315,0.73279,0.80091,0.78285,0.79285,0.75262,0.75017,0.73718,0.73521,0.71391,0.78088,0.75284,0.79512,0.75374,0.80460,0.78530,0.74563,0.77324,0.81322,0.77966,0.72705,0.75665,0.74865,0.78545,0.73515,0.75967,0.80084,0.75727,0.75754,0.79156,0.72647,0.76492,0.74995,0.76798,0.73654,0.78997
0.78850,0.77627,0.78778,0.79932,0.75710,0.81884,0.81235,0.77681,0.78342,0.80695,0.81382,0.75091,0.77641,0.78015,0.81260,0.80902,0.82782,0.78549,0.79148,0.79378,0.79547,0.75126,0.75602,0.76268,0.79868,0.77508,0.80325,0.81661,0.77096,0.79412,0.75351,0.82455,0.80027,0.78212,0.78280,0.81822,0.78207,0.77736,0.76079,0.80655,0.81576,0.81003,0.81295,0.78906,1.00000,0.76109,0.81743,0.81619,0.79795,0.78210,0.76612,0.76115,0.78727,0.80338,0.78136,0.79973,0.81933,0.77700,0.74129,0.78502,0.77992,0.79411,0.77806,0.78453,0.77078,0.74571,0.77943,0.77923,0.76012,0.79293,0.79572,0.77428,0.76502,0.76483,0.77153,0.76902,0.78769,0.79945,0.75204,0.76645,0.77956,0.77892,0.81162,0.75426,0.80609,0.78575,0.79196
0.76031,0.76411,0.75123,0.73250,0.76243,0.75075,0.76798,0.74836,0.77595,0.77364,0.77850,0.77832,0.77694,0.76402,0.76347,0.77698,0.80647,0.77974,0.76436,0.75517,0.79279,0.74066,0.78334,0.73573,0.77305,0.79623,0.77646,0.75540,0.79163,0.71336,0.74505,0.80476,0.78313,0.76811,0.74509,0.78757,0.79531,0.74744,0.75624,0.77456,0.78202,0.75482,0.78121,0.76637,0.76109,1.00000,0.76717,0.77261,0.75621,0.75541,0.74643,0.78670,0.75833,0.75791,0.76271,0.79773,0.75230,0.75718,0.76189,0.78953,0.75533,0.75634,0.75646,0.75450,0.77644,0.74971,0.74996,0.76830,0.75267,0.75830,0.78188,0.78214,0.75640,0.77706,0.80610,0.75495,0.78753,0.72664,0.75842,0.77073,0.75374,0.75034,0.79878,0.74914,0.78663,0.78222,0.76644
0.74814,0.73724,0.75319,0.78356,0.74509,0.81188,0.79976,0.77253,0.76831,0.79669,0.83564,0.75978,0.78610,0.76691,0.76667,0.79753,0.80721,0.78452,0.77143,0.77503,0.80711,0.78089,0.74473,0.74413,0.76812,0.77930,0.78423,0.80261,0.77440,0.77551,0.77213,0.81084,0.79287,0.76901,0.81730,0.79077,0.76752,0.78908,0.78622,0.81407,0.73655,0.80749,0.80970,0.82272,0.81743,0.76717,1.00000,0.79568,0.78369,0.80866,0.77487,0.78525,0.76900,0.76715,0.72142,0.79416,0.75000,0.76284,0.76273,0.77342,0.73980,0.76949,0.77734,0.78124,0.77080,0.79186,0.76654,0.75814,0.79017,0.79108,0.82015,0.72701,0.76739,0.78064,0.78639,0.78950,0.80490,0.77591,0.74713,0.76757,0.75696,0.73042,0.79964,0.75501,0.81242,0.76161,0.74949
0.78923,0.81747,0.80741,0.84183,0.78819,0.78765,0.81520,0.77604,0.77579,0.80571,0.74027,0.76941,0.79416,0.73103,0.78780,0.78647,0.81474,0.76254,0.82569,0.78653,0.83517,0.76846,0.77094,0.76241,0.78845,0.80772,0.74947,0.79973,0.80235,0.80117,0.77138,0.80338,0.79550,0.77021,0.74308,0.80126,0.80587,0.73359,0.79147,0.77344,0.80316,0.77369,0.80891,0.74990,0.81619,0.77261,0.79568,1.00000,0.80080,0.77712,0.80081,0.76279,0.78174,0.79124,0.77060,0.81039,0.78202,0.74939,0.79028,0.78734,0.75786,0.78545,0.77583,0.78189,0.76770,0.76746,0.76718,0.77987,0.72259,0.80342,0.77349,0.75222,0.77793,0.76595,0.76083,0.77665,0.77924,0.77108,0.74274,0.73141,0.69608,0.74714,0.75616,0.77568,0.79859,0.77286,0.79355
0.80819,0.75844,0.75219,0.80237,0.74917,0.75630,0.81050,0.77352,0.74909,0.76735,0.80083,0.78177,0.80796,0.77221,0.76269,0.78178,0.82835,0.75135,0.79214,0.74960,0.80836,0.73560,0.76077,0.78785,0.77134,0.76359,0.77551,0.80215,0.76530,0.75976,0.76094,0.76459,0.76570,0.75843,0.76832,0.74920,0.74967,0.76245,0.77097,0.78444,0.76392,0.75308,0.77172,0.78387,0.79795,0.75621,0.78369,0.80080,1.00000,0.76343,0.74853,0.75480,0.76747,0.75466,0.74142,0.76944,0.77237,0.72108,0.72121,0.78303,0.76250,0.74048,0.75959,0.76520,0.76260,0.76938,0.75917,0.77339,0.76829,0.77592,0.78528,0.77200,0.78860,0.74762,0.74546,0.76731,0.76776,0.76658,0.75687,0.76629,0.70678,0.71960,0.74715,0.74211,0.78429,0.74449,0.77899
0.79340,0.73033,0.71975,0.77853,0.72681,0.73333,0.80945,0.75960,0.77966,0.78912,0.76596,0.78399,0.77332,0.75465,0.75707,0.76054,0.82005,0.74748,0.75068,0.74436,0.80506,0.73874,0.78264,0.76403,0.75071,0.77672,0.76218,0.78756,0.73283,0.76546,0.75950,0.74487,0.79070,0.76365,0.75779,0.76668,0.73189,0.75208,0.75410,0.79303,0.76220,0.74764,0.81450,0.78208,0.78210,0.75541,0.80866,0.77712,0.76343,1.00000,0.74001,0.76081,0.76781,0.72519,0.74985,0.76898,0.73155,0.73311,0.75163,0.75618,0.75456,0.77253,0.75567,0.78186,0.75795,0.76036,0.72876,0.76299,0.76403,0.79148,0.77898,0.74193,0.81143,0.80234,0.76387,0.77452,0.77031,0.75523,0.76021,0.76689,0.72868,0.73535,0.76376,0.74974,0.79963,0.78647,0.79002
0.69415,0.77772,0.78053,0.75989,0.71534,0.77817,0.75414,0.74579,0.74288,0.77062,0.74265,0.74559,0.76968,0.74414,0.78404,0.78853,0.79020,0.73561,0.76447,0.77737,0.81535,0.74146,0.75630,0.79276,0.73699,0.78608,0.74683,0.76029,0.75763,0.75863,0.74412,0.77511,0.74440,0.79193,0.74610,0.70296,0.80401,0.74064,0.73082,0.78428,0.73724,0.73645,0.72763,0.75075,0.76612,0.74643,0.77487,0.80081,0.74853,0.74001,1.00000,0.74519,0.75728,0.77081,0.72554,0.74536,0.74723,0.73772,0.75373,0.73187,0.73117,0.72827,0.71709,0.71795,0.72255,0.74408,0.75789,0.73792,0.70813,0.73320,0.73901,0.67866,0.75081,0.76129,0.79491,0.75252,0.72949,0.76906,0.70662,0.72825,0.71674,0.73526,0.74700,0.73593,0.75393,0.73234,0.75722
0.76019,0.76196,0.73506,0.76521,0.73739,0.75413,0.77482,0.73310,0.80145,0.75693,0.79433,0.77466,0.75653,0.78310,0.72383,0.78417,0.78163,0.74807,0.79420,0.75040,0.77898,0.70827,0.77244,0.74833,0.75851,0.76050,0.74549,0.74738,0.75992,0.74142,0.75620,0.77844,0.75680,0.76945,0.72981,0.78293,0.75335,0.74186,0.76386,0.77650,0.77175,0.75123,0.78419,0.74315,0.76115,0.78670,0.78525,0.76279,0.75480,0.76081,0.74519,1.00000,0.76005,0.75831,0.73413,0.77300,0.76035,0.77252,0.76292,0.75835,0.77705,0.80188,0.75400,0.76585,0.79020,0.72860,0.71105,0.77170,0.79394,0.74977,0.79848,0.74748,0.77011,0.78501,0.80419,0.77058,0.80754,0.77242,0.77196,0.77304,0.75297,0.71831,0.80747,0.74533,0.80665,0.78763,0.76557
0.79021,0.76000,0.77168,0.73289,0.77791,0.72018,0.76350,0.76044,0.73888,0.78230,0.76924,0.79167,0.74109,0.73671,0.78695,0.77053,0.78910,0.75032,0.77261,0.75543,0.78554,0.71495,0.70468,0.75767,0.78906,0.79166,0.77335,0.78234,0.74244,0.76791,0.77277,0.77810,0.76735,0.73848,0.76813,0.75719,0.74091,0.76324,0.77040,0.77002,0.78461,0.77177,0.78818,0.73279,0.78727,0.75833,0.76900,0.78174,0.76747,0.76781,0.75728,0.76005,1.00000,0.76281,0.74979,0.77609,0.77130,0.75219,0.77477,0.81075,0.77720,0.77589,0.76811,0.79202,0.77937,0.75951,0.75269,0.78515,0.76888,0.77339,0.78483,0.76686,0.77867,0.78185,0.76195,0.77504,0.78999,0.73807,0.76827,0.76324,0.73760,0.73528,0.78964,0.76924,0.79162,0.75208,0.77101
0.74923,0.79024,0.75098,0.80079,0.76573,0.80115,0.80638,0.78404,0.76498,0.81474,0.78328,0.78057,0.76898,0.77883,0.79990,0.80708,0.82151,0.78941,0.79339,0.81340,0.80270,0.78258,0.74158,0.74313,0.77416,0.80133,0.78629,0.81383,0.80763,0.73644,0.80044,0.78990,0.78998,0.75376,0.77866,0.78661,0.79948,0.76029,0.76136,0.75839,0.81335,0.80420,0.81827,0.80091,0.80338,0.75791,0.76715,0.79124,0.75466,0.72519,0.77081,0.75831,0.76281,1.00000,0.79543,0.79801,0.79181,0.76859,0.77415,0.77118,0.74125,0.80487,0.76559,0.81956,0.79565,0.78956,0.78273,0.78631,0.77185,0.81079,0.79156,0.77481,0.77690,0.78099,0.80232,0.77401,0.78395,0.74284,0.74537,0.77888,0.80891,0.78763,0.78380,0.77891,0.80764,0.78365,0.79124
0.75117,0.74658,0.75516,0.75498,0.73260,0.76882,0.77337,0.74424,0.75481,0.77653,0.75504,0.75729,0.76823,0.73008,0.78120,0.78425,0.79152,0.76882,0.72557,0.77602,0.78694,0.74930,0.75588,0.75380,0.78665,0.78108,0.78713,0.75088,0.78319,0.76768,0.72917,0.80616,0.78555,0.76701,0.77519,0.74732,0.77231,0.74405,0.74592,0.74981,0.76133,0.74556,0.81038,0.78285,0.78136,0.76271,0.72142,0.77060,0.74142,0.74985,0.72554,0.73413,0.74979,0.79543,1.00000,0.76301,0.77965,0.74635,0.77091,0.77607,0.75394,0.78000,0.78111,0.76927,0.78412,0.75246,0.76203,0.75002,0.75701,0.75827,0.77368,0.77751,0.74460,0.78878,0.77559,0.76039,0.75207,0.76967,0.76702,0.75472,0.76326,0.77449,0.78072,0.77268,0.76515,0.75562,0.76088
0.79146,0.81724,0.77113,0.77501,0.76176,0.77417,0.79611,0.73281,0.76088,0.79331,0.77265,0.79167,0.79093,0.78120,0.78764,0.80125,0.80367,0.81223,0.79840,0.80016,0.80112,0.75648,0.75175,0.75782,0.74552,0.76624,0.76849,0.77745,0.80050,0.78613,0.79481,0.80380,0.78350,0.79418,0.75395,0.76950,0.76493,0.77481,0.79968,0.79338,0.79947,0.77455,0.76468,0.79285,0.79973,0.79773,0.79416,0.81039,0.76944,0.76898,0.74536,0.77300,0.77609,0.79801,0.76301,1.00000,0.78846,0.77679,0.78320,0.76290,0.77703,0.80746,0.74344,0.78986,0.78700,0.74465,0.74753,0.77680,0.75686,0.76867,0.78401,0.77821,0.77342,0.79184,0.79622,0.80300,0.79730,0.80076,0.77054,0.75760,0.77555,0.76323,0.80052,0.78765,0.79969,0.78654,0.76870
0.72780,0.75977,0.76305,0.79346,0.68396,0.77071,0.79260,0.76679,0.74893,0.77316,0.76699,0.77142,0.77161,0.75967,0.78707,0.78021,0.79715,0.77696,0.74711,0.76634,0.77777,0.71895,0.77365,0.75121,0.75243,0.76544,0.73093,0.77832,0.78673,0.72840,0.74920,0.79716,0.77733,0.77881,0.78194,0.78526,0.74584,0.72634,0.75465,0.75967,0.79257,0.78113,0.75402,0.75262,0.81933,0.75230,0.75000,0.78202,0.77237,0.73155,0.74723,0.76035,0.77130,0.79181,0.77965,0.78846,1.00000,0.76031,0.76996,0.75871,0.71445,0.79729,0.78605,0.78910,0.78144,0.76792,0.75030,0.78022,0.75240,0.76449,0.77374,0.76908,0.73082,0.76582,0.76662,0.78992,0.77218,0.72848,0.75863,0.75427,0.79203,0.77690,0.76502,0.73490,0.81075,0.77307,0.76978
