1.00000,0.73518,0.74011,0.77926,0.76043,0.73195,0.77589,0.77487,0.74802,0.74481,0.79218,0.79379,0.77312,0.72476,0.71008,0.73787,0.78975,0.72304,0.75861,0.72920,0.76010,0.72212,0.73824,0.72517,0.73909,0.71396,0.74941,0.76769,0.75424,0.73030,0.78023,0.74645,0.74433,0.71785,0.73886,0.74368,0.73510,0.74184,0.72669,0.77746,0.77932,0.75187,0.78704,0.76032,0.77610,0.73724,0.73251,0.76827,0.77965,0.79220,0.68006,0.75258,0.77815,0.75444,0.71761,0.79715,0.69431,0.72970,0.71425,0.76096,0.74154,0.77113,0.72729,0.75056,0.75894,0.71154,0.71584,0.75982,0.72435,0.72636,0.74295,0.72631,0.75511,0.73976,0.73924,0.73571,0.73958,0.77364,0.74396,0.70587,0.67811,0.70572,0.76156,0.71364,0.74743,0.71658,0.74670
0.73518,1.00000,0.74145,0.76961,0.73301,0.73533,0.75629,0.76093,0.71301,0.74668,0.71846,0.74121,0.76090,0.71710,0.73501,0.78137,0.77198,0.74620,0.75909,0.73358,0.79710,0.68931,0.74775,0.74381,0.76302,0.76330,0.76479,0.75502,0.77098,0.78074,0.73938,0.75648,0.75496,0.74932,0.76891,0.76967,0.75573,0.75014,0.74124,0.78788,0.76002,0.71855,0.74943,0.76552,0.76193,0.73075,0.69551,0.79065,0.73741,0.71871,0.77210,0.74617,0.74646,0.77203,0.72350,0.80328,0.72912,0.74811,0.70624,0.74019,0.70424,0.73255,0.71360,0.71531,0.72408,0.74657,0.77040,0.73008,0.76508,0.77105,0.74719,0.71170,0.73947,0.75631,0.76063,0.74958,0.72700,0.76464,0.71956,0.70577,0.72328,0.68683,0.76199,0.72965,0.73193,0.74101,0.75078
0.74011,0.74145,1.00000,0.75037,0.73252,0.71498,0.73792,0.76427,0.76114,0.75475,0.75020,0.76023,0.77156,0.71508,0.74914,0.76575,0.77821,0.68969,0.75216,0.75061,0.77093,0.66950,0.72283,0.70800,0.73220,0.74234,0.75419,0.75733,0.73710,0.74799,0.72050,0.77100,0.73106,0.72312,0.76511,0.73121,0.74614,0.72809,0.70655,0.73774,0.74902,0.74780,0.70453,0.73827,0.77963,0.72736,0.73760,0.77668,0.73567,0.70561,0.75415,0.73735,0.74676,0.74350,0.73378,0.76286,0.73838,0.75506,0.71337,0.76356,0.69432,0.72857,0.76227,0.71728,0.72899,0.69978,0.72193,0.70839,0.70826,0.75981,0.76126,0.72724,0.70940,0.71958,0.73249,0.74742,0.72964,0.74625,0.70034,0.69744,0.72618,0.69213,0.71728,0.69496,0.73488,0.69957,0.72683
0.77926,0.76961,0.75037,1.00000,0.73694,0.77783,0.79813,0.76726,0.77786,0.74887,0.75894,0.77796,0.76937,0.73991,0.74669,0.79143,0.78669,0.73383,0.82402,0.73304,0.79590,0.74197,0.77048,0.77939,0.74398,0.78029,0.75723,0.79896,0.78539,0.75917,0.75845,0.74993,0.77877,0.78103,0.76077,0.80906,0.76593,0.74730,0.79954,0.77510,0.75730,0.78307,0.77873,0.77028,0.77488,0.71165,0.77905,0.81056,0.80019,0.77121,0.76165,0.79789,0.73020,0.78675,0.74867,0.76664,0.78895,0.77706,0.76053,0.76306,0.76171,0.79896,0.75642,0.73270,0.75922,0.74461,0.81754,0.77728,0.77551,0.77636,0.77369,0.69992,0.73635,0.74653,0.78412,0.76370,0.79644,0.76107,0.76575,0.70812,0.73886,0.75954,0.78341,0.74701,0.77967,0.75027,0.78923
0.76043,0.73301,0.73252,0.73694,1.00000,0.73895,0.75382,0.74674,0.71559,0.74921,0.71813,0.73950,0.73745,0.67587,0.72407,0.73852,0.75621,0.74741,0.74539,0.76614,0.72587,0.72779,0.70507,0.72362,0.71275,0.69618,0.79376,0.73677,0.73541,0.71600,0.75066,0.77213,0.74960,0.70811,0.72199,0.80747,0.72304,0.76575,0.74663,0.73653,0.72964,0.71432,0.74780,0.70248,0.74571,0.72860,0.72048,0.75953,0.72953,0.70673,0.68714,0.72455,0.74779,0.74331,0.69685,0.74006,0.64841,0.71454,0.71786,0.75283,0.76950,0.70402,0.67775,0.69575,0.77746,0.73118,0.75367,0.73871,0.68663,0.71086,0.68391,0.70885,0.73575,0.70167,0.72605,0.66257,0.72619,0.73579,0.74990,0.72317,0.65744,0.64466,0.75130,0.70543,0.73198,0.71442,0.72327
0.73195,0.73533,0.71498,0.77783,0.73895,1.00000,0.77569,0.74228,0.72963,0.78632,0.71290,0.71030,0.75279,0.74680,0.74965,0.72367,0.80094,0.75666,0.77889,0.77019,0.75175,0.77488,0.71223,0.73458,0.71914,0.75329,0.77477,0.77248,0.77125,0.70218,0.75345,0.80812,0.77959,0.75677,0.76646,0.76677,0.80854,0.77387,0.72763,0.78311,0.73888,0.74327,0.77800,0.78914,0.79745,0.72538,0.78174,0.77268,0.74812,0.73938,0.77675,0.78230,0.71113,0.76739,0.76670,0.75894,0.76625,0.73501,0.75360,0.72256,0.74088,0.78457,0.72747,0.76660,0.74601,0.75566,0.77903,0.73413,0.72755,0.75521,0.77707,0.71156,0.73035,0.74884,0.78853,0.70310,0.75373,0.77536,0.74585,0.76452,0.76093,0.73833,0.78063,0.75305,0.77962,0.76979,0.79188
0.77589,0.75629,0.73792,0.79813,0.75382,0.77569,1.00000,0.77134,0.74216,0.81600,0.74636,0.79706,0.79186,0.71604,0.77024,0.80062,0.79674,0.77186,0.79273,0.80526,0.79293,0.78222,0.78271,0.75304,0.78762,0.79052,0.76821,0.80988,0.78423,0.76607,0.82232,0.76877,0.81216,0.73200,0.76391,0.78597,0.76593,0.75750,0.78396,0.81497,0.77835,0.74612,0.78626,0.78806,0.79532,0.73358,0.76763,0.81462,0.79340,0.82001,0.75871,0.78117,0.74200,0.78766,0.74345,0.79618,0.77777,0.74265,0.75130,0.76660,0.76517,0.79429,0.74938,0.79087,0.75897,0.75626,0.74422,0.79369,0.75563,0.80329,0.78728,0.77083,0.80225,0.78452,0.76804,0.73253,0.77738,0.79393,0.76921,0.76273,0.75699,0.75646,0.78013,0.76547,0.78764,0.77392,0.79518
0.77487,0.76093,0.76427,0.76726,0.74674,0.74228,0.77134,1.00000,0.73412,0.75830,0.79934,0.79664,0.79235,0.72875,0.77119,0.75940,0.78123,0.77325,0.76635,0.75486,0.76938,0.70786,0.72875,0.78205,0.76831,0.78087,0.76491,0.75430,0.77346,0.75577,0.78033,0.75109,0.78190,0.70855,0.81337,0.73048,0.77262,0.71939,0.73167,0.77158,0.72848,0.74490,0.78385,0.77300,0.78102,0.73168,0.73112,0.74974,0.74602,0.75493,0.73633,0.75419,0.75257,0.76475,0.75012,0.72895,0.73936,0.74852,0.75291,0.77886,0.72377,0.74650,0.72538,0.74570,0.74734,0.76002,0.79597,0.72599,0.73051,0.76836,0.77372,0.70497,0.73666,0.77560,0.73808,0.71607,0.77469,0.75184,0.73507,0.75087,0.75588,0.71928,0.73037,0.70744,0.76703,0.71838,0.73602
0.74802,0.71301,0.76114,0.77786,0.71559,0.72963,0.74216,0.73412,1.00000,0.76401,0.75739,0.76857,0.77920,0.74598,0.72159,0.77849,0.77991,0.74666,0.75383,0.74150,0.79530,0.69451,0.75919,0.70551,0.73562,0.74912,0.74825,0.77449,0.73765,0.73957,0.72760,0.78182,0.75256,0.76215,0.72571,0.79518,0.75948,0.75194,0.71637,0.77431,0.75874,0.77441,0.77254,0.76253,0.76396,0.76789,0.75231,0.76223,0.74375,0.77120,0.74325,0.80599,0.72605,0.76881,0.74797,0.74408,0.74200,0.75874,0.77918,0.77032,0.71994,0.75274,0.73248,0.75094,0.71990,0.73921,0.69648,0.72492,0.74378,0.74803,0.73436,0.73258,0.73678,0.72228,0.72758,0.76820,0.73388,0.75210,0.71565,0.71979,0.74280,0.70193,0.78382,0.73772,0.78040,0.75601,0.78021
0.74481,0.74668,0.75475,0.74887,0.74921,0.78632,0.81600,0.75830,0.76401,1.00000,0.71577,0.76202,0.75373,0.71621,0.75901,0.76511,0.80798,0.76273,0.75578,0.76896,0.79214,0.76109,0.73858,0.74222,0.74081,0.79003,0.78821,0.77249,0.79097,0.77373,0.79279,0.78650,0.81283,0.76678,0.80058,0.75721,0.77022,0.75361,0.74963,0.80966,0.79108,0.78948,0.76803,0.76222,0.77456,0.74872,0.76404,0.79397,0.74432,0.78508,0.75918,0.75224,0.76332,0.79267,0.74970,0.77999,0.75328,0.73852,0.76375,0.77613,0.72486,0.74709,0.74021,0.75672,0.71086,0.74875,0.76558,0.73394,0.74025,0.80053,0.76103,0.74119,0.77767,0.77198,0.76733,0.74696,0.74823,0.77199,0.73015,0.76453,0.72909,0.74623,0.79931,0.73024,0.77897,0.77909,0.75947
0.79218,0.71846,0.75020,0.75894,0.71813,0.71290,0.74636,0.79934,0.75739,0.71577,1.00000,0.78295,0.79628,0.76955,0.75842,0.78094,0.81775,0.79710,0.75661,0.77323,0.75577,0.74138,0.75828,0.77385,0.75525,0.74536,0.75766,0.79022,0.77560,0.75901,0.76717,0.77011,0.75799,0.77159,0.77175,0.76995,0.77762,0.75171,0.73418,0.76532,0.77580,0.78884,0.79364,0.80878,0.79533,0.76256,0.79394,0.74010,0.79418,0.77447,0.76550,0.80055,0.76409,0.75763,0.75038,0.75951,0.74500,0.76072,0.71333,0.76513,0.75704,0.73575,0.74143,0.76913,0.78163,0.77487,0.76858,0.75004,0.76786,0.74202,0.77295,0.74555,0.75977,0.76684,0.70987,0.74984,0.79919,0.78708,0.76610,0.75673,0.77352,0.71863,0.79211,0.71765,0.79537,0.73710,0.77254
0.79379,0.74121,0.76023,0.77796,0.73950,0.71030,0.79706,0.79664,0.76857,0.76202,0.78295,1.00000,0.78865,0.76616,0.75343,0.78170,0.80429,0.78695,0.73971,0.73906,0.78278,0.71059,0.71748,0.78696,0.76650,0.78615,0.77402,0.77719,0.75887,0.73992,0.76782,0.75351,0.79174,0.73958,0.77470,0.75669,0.78126,0.75432,0.79006,0.75309,0.75103,0.75419,0.77961,0.77804,0.73596,0.77554,0.74163,0.75526,0.77239,0.78714,0.73881,0.78292,0.78563,0.76864,0.75660,0.79005,0.75381,0.72050,0.77309,0.77673,0.72572,0.77533,0.77284,0.74410,0.73914,0.75273,0.78891,0.72766,0.76077,0.78186,0.77361,0.74874,0.74641,0.80001,0.74149,0.75968,0.75318,0.76572,0.71526,0.76255,0.73538,0.73326,0.77472,0.70353,0.77299,0.73602,0.78321
0.77312,0.76090,0.77156,0.76937,0.73745,0.75279,0.79186,0.79235,0.77920,0.75373,0.79628,0.78865,1.00000,0.76522,0.78028,0.79757,0.76920,0.74357,0.77564,0.75698,0.75573,0.68396,0.77521,0.79093,0.75987,0.77321,0.79071,0.76343,0.78119,0.73495,0.76686,0.77317,0.76867,0.73892,0.74698,0.74101,0.77447,0.75433,0.75705,0.79794,0.76055,0.76187,0.77039,0.78932,0.76352,0.76262,0.77653,0.77153,0.78360,0.77371,0.76049,0.79148,0.74840,0.77036,0.77896,0.78459,0.76912,0.75370,0.76572,0.75875,0.71905,0.76832,0.78468,0.75242,0.75925,0.74653,0.75252,0.76923,0.77326,0.80306,0.77183,0.72940,0.78366,0.79381,0.77425,0.75914,0.77972,0.80187,0.73803,0.76663,0.74083,0.73369,0.76870,0.77577,0.78113,0.76132,0.77536
0.72476,0.71710,0.71508,0.73991,0.67587,0.74680,0.71604,0.72875,0.74598,0.71621,0.76955,0.76616,0.76522,1.00000,0.75430,0.77387,0.79466,0.74533,0.75951,0.71258,0.73711,0.66791,0.72734,0.75039,0.69135,0.74122,0.74046,0.71276,0.71361,0.73548,0.70166,0.76750,0.73265,0.74493,0.74308,0.71808,0.77176,0.71814,0.72157,0.75493,0.70633,0.76828,0.77845,0.74891,0.74309,0.74226,0.72793,0.70776,0.75792,0.73868,0.73317,0.77831,0.72681,0.74659,0.70340,0.76493,0.72566,0.67338,0.69086,0.72939,0.73473,0.76251,0.73209,0.72980,0.73091,0.71015,0.74178,0.72233,0.70493,0.75893,0.77592,0.72398,0.73335,0.77590,0.72841,0.73275,0.74451,0.76220,0.68066,0.73887,0.75224,0.70816,0.75074,0.67941,0.72634,0.78437,0.78131
0.71008,0.73501,0.74914,0.74669,0.72407,0.74965,0.77024,0.77119,0.72159,0.75901,0.75842,0.75343,0.78028,0.75430,1.00000,0.77240,0.78294,0.75349,0.73619,0.80228,0.77231,0.72433,0.71797,0.72303,0.78310,0.76495,0.74799,0.76522,0.78251,0.75537,0.71562,0.76203,0.77557,0.74788,0.72494,0.70696,0.77747,0.75828,0.78530,0.75109,0.75691,0.74144,0.77891,0.73506,0.81158,0.72778,0.72381,0.77951,0.74400,0.75186,0.77967,0.71637,0.74346,0.75111,0.75128,0.76969,0.74949,0.72575,0.73287,0.74441,0.75750,0.76238,0.73756,0.75959,0.73422,0.72274,0.75866,0.72223,0.69023,0.76070,0.76369,0.69926,0.75683,0.72732,0.74317,0.70252,0.77474,0.76485,0.69714,0.75292,0.71302,0.70752,0.74653,0.72946,0.77861,0.75141,0.75586
0.73787,0.78137,0.76575,0.79143,0.73852,0.72367,0.80062,0.75940,0.77849,0.76511,0.78094,0.78170,0.79757,0.77387,0.77240,1.00000,0.80731,0.78913,0.77018,0.75376,0.80653,0.71939,0.78566,0.75724,0.75825,0.79639,0.75255,0.80299,0.73792,0.76340,0.75432,0.77147,0.76276,0.76143,0.77360,0.76886,0.79216,0.77187,0.72743,0.80120,0.74125,0.76763,0.76854,0.80332,0.78554,0.74880,0.77707,0.77165,0.77231,0.77514,0.79558,0.80376,0.77830,0.79705,0.78071,0.78633,0.77716,0.78177,0.74085,0.76559,0.76399,0.79548,0.74412,0.78165,0.75507,0.76961,0.75894,0.74437,0.77076,0.80188,0.76041,0.74313,0.77173,0.77998,0.79320,0.76480,0.78356,0.75406,0.74619,0.75635,0.80754,0.75589,0.80228,0.72815,0.76581,0.75893,0.79211
0.78975,0.77198,0.77821,0.78669,0.75621,0.80094,0.79674,0.78123,0.77991,0.80798,0.81775,0.80429,0.76920,0.79466,0.78294,0.80731,1.00000,0.79361,0.78786,0.79203,0.80207,0.78665,0.76759,0.78735,0.80517,0.79693,0.78639,0.79944,0.78092,0.79538,0.77156,0.81292,0.79245,0.77464,0.79614,0.75819,0.82035,0.77400,0.76674,0.77236,0.79861,0.78579,0.79174,0.79188,0.81407,0.77682,0.77047,0.80596,0.82304,0.82018,0.79228,0.79473,0.77351,0.79482,0.78299,0.80388,0.78405,0.79039,0.79011,0.78027,0.78119,0.79675,0.75688,0.79184,0.77448,0.75361,0.77805,0.72853,0.77728,0.76727,0.79813,0.80312,0.77566,0.79296,0.77990,0.74500,0.81777,0.76228,0.74144,0.75519,0.78865,0.76410,0.76806,0.73457,0.80528,0.81352,0.83114
0.72304,0.74620,0.68969,0.73383,0.74741,0.75666,0.77186,0.77325,0.74666,0.76273,0.79710,0.78695,0.74357,0.74533,0.75349,0.78913,0.79361,1.00000,0.77363,0.76108,0.77466,0.77907,0.71573,0.73049,0.73990,0.73371,0.77305,0.75197,0.74747,0.76683,0.74403,0.74237,0.77370,0.76680,0.74116,0.74789,0.76106,0.73874,0.77000,0.77784,0.74680,0.76324,0.78961,0.80268,0.75389,0.75939,0.74131,0.75087,0.73223,0.74433,0.73830,0.76728,0.75764,0.76167,0.78154,0.78717,0.76946,0.73872,0.77151,0.77040,0.78323,0.78008,0.73542,0.80880,0.76332,0.75284,0.78343,0.76254,0.75714,0.74821,0.74453,0.75266,0.74927,0.77284,0.75227,0.74074,0.74420,0.74090,0.76932,0.75056,0.78035,0.69308,0.77174,0.71831,0.76185,0.74639,0.73988
0.75861,0.75909,0.75216,0.82402,0.74539,0.77889,0.79273,0.76635,0.75383,0.75578,0.75661,0.73971,0.77564,0.75951,0.73619,0.77018,0.78786,0.77363,1.00000,0.75373,0.79485,0.75994,0.74545,0.75376,0.75720,0.78255,0.74939,0.78460,0.77010,0.71447,0.77678,0.77080,0.75734,0.75607,0.70975,0.74662,0.79198,0.74562,0.77502,0.76558,0.75995,0.77795,0.78388,0.73034,0.78025,0.75386,0.76025,0.82341,0.77086,0.76738,0.77871,0.80008,0.78065,0.80249,0.73647,0.80533,0.75036,0.75792,0.76692,0.77994,0.76063,0.79495,0.76272,0.78874,0.77992,0.73428,0.78745,0.78136,0.76444,0.74258,0.79313,0.72864,0.78113,0.77336,0.75651,0.76642,0.78093,0.76164,0.78374,0.78236,0.73458,0.72941,0.77303,0.77662,0.80938,0.77428,0.80352
0.72920,0.73358,0.75061,0.73304,0.76614,0.77019,0.80526,0.75486,0.74150,0.76896,0.77323,0.73906,0.75698,0.71258,0.80228,0.75376,0.79203,0.76108,0.75373,1.00000,0.79419,0.78675,0.76088,0.74950,0.74780,0.75677,0.76755,0.74943,0.77991,0.76048,0.77802,0.75651,0.81421,0.78170,0.74402,0.73002,0.75378,0.73402,0.76095,0.75065,0.76509,0.72715,0.78192,0.76639,0.77575,0.72517,0.73239,0.78233,0.72920,0.75788,0.76942,0.74134,0.72571,0.76267,0.74885,0.79709,0.73054,0.77936,0.74067,0.75432,0.74170,0.76545,0.71091,0.79445,0.77500,0.74916,0.77941,0.75370,0.71513,0.78846,0.74580,0.72882,0.74816,0.77478,0.74974,0.70163,0.75472,0.78727,0.75089,0.78202,0.77220,0.69078,0.75850,0.76780,0.76268,0.78083,0.75637
0.76010,0.79710,0.77093,0.79590,0.72587,0.75175,0.79293,0.76938,0.79530,0.79214,0.75577,0.78278,0.75573,0.73711,0.77231,0.80653,0.80207,0.77466,0.79485,0.79419,1.00000,0.78826,0.82124,0.77548,0.76855,0.77797,0.75750,0.79820,0.79601,0.82022,0.77102,0.77569,0.80665,0.77978,0.78702,0.77222,0.78550,0.75256,0.80103,0.77784,0.80105,0.78623,0.80956,0.78094,0.77175,0.76077,0.79314,0.83607,0.79450,0.80256,0.80265,0.78269,0.76910,0.79479,0.76750,0.80111,0.76658,0.79755,0.77340,0.80050,0.72973,0.78245,0.76691,0.80265,0.80765,0.74375,0.78456,0.77339,0.74671,0.81960,0.80133,0.74809,0.77193,0.76725,0.73809,0.79786,0.76278,0.77780,0.79474,0.75635,0.73901,0.73187,0.77574,0.74942,0.76621,0.75538,0.76797
0.72212,0.68931,0.66950,0.74197,0.72779,0.77488,0.78222,0.70786,0.69451,0.76109,0.74138,0.71059,0.68396,0.66791,0.72433,0.71939,0.78665,0.77907,0.75994,0.78675,0.78826,1.00000,0.70448,0.71590,0.72022,0.74181,0.73965,0.73531,0.77096,0.73379,0.73000,0.75980,0.77257,0.74129,0.73599,0.73670,0.74157,0.75901,0.73552,0.77268,0.75116,0.74571,0.77953,0.76927,0.72276,0.73042,0.76677,0.75636,0.71953,0.75873,0.74499,0.72107,0.69680,0.76513,0.74615,0.75707,0.70424,0.70657,0.72359,0.73267,0.75055,0.74425,0.70679,0.75033,0.73388,0.73079,0.75979,0.73651,0.70507,0.73294,0.73089,0.73060,0.70687,0.70716,0.73091,0.70524,0.74719,0.69729,0.72844,0.72674,0.75958,0.70762,0.75933,0.72878,0.76532,0.75110,0.76470
0.73824,0.74775,0.72283,0.77048,0.70507,0.71223,0.78271,0.72875,0.75919,0.73858,0.75828,0.71748,0.77521,0.72734,0.71797,0.78566,0.76759,0.71573,0.74545,0.76088,0.82124,0.70448,1.00000,0.74425,0.75787,0.72786,0.73441,0.79652,0.76702,0.74585,0.72276,0.76791,0.75193,0.74402,0.69677,0.75162,0.78363,0.72491,0.76065,0.77685,0.78551,0.75217,0.76484,0.74555,0.74752,0.75119,0.74084,0.76072,0.75017,0.78109,0.76093,0.78712,0.70477,0.74669,0.74531,0.74941,0.76243,0.76455,0.72980,0.73559,0.72278,0.77041,0.74917,0.75965,0.74699,0.72470,0.71558,0.77392,0.73095,0.75345,0.76424,0.71089,0.74885,0.75175,0.71327,0.74453,0.73094,0.75573,0.75557,0.77003,0.73657,0.72970,0.73613,0.74773,0.74369,0.78062,0.73749
0.72517,0.74381,0.70800,0.77939,0.72362,0.73458,0.75304,0.78205,0.70551,0.74222,0.77385,0.78696,0.79093,0.75039,0.72303,0.75724,0.78735,0.73049,0.75376,0.74950,0.77548,0.71590,0.74425,1.00000,0.75518,0.77930,0.75296,0.73069,0.77180,0.73762,0.72934,0.73391,0.77849,0.73980,0.73558,0.71607,0.76546,0.71328,0.73749,0.75426,0.73132,0.72808,0.73883,0.76964,0.75858,0.72299,0.72449,0.75670,0.77921,0.76232,0.78960,0.75607,0.75449,0.73636,0.76147,0.74952,0.74303,0.72909,0.70524,0.71823,0.71077,0.72116,0.72660,0.72218,0.76166,0.72611,0.77547,0.71975,0.74476,0.75406,0.74376,0.73185,0.77534,0.77162,0.73268,0.72636,0.74950,0.73327,0.76793,0.74112,0.75161,0.70741,0.73059,0.75851,0.77326,0.74398,0.75240
0.73909,0.76302,0.73220,0.74398,0.71275,0.71914,0.78762,0.76831,0.73562,0.74081,0.75525,0.76650,0.75987,0.69135,0.78310,0.75825,0.80517,0.73990,0.75720,0.74780,0.76855,0.72022,0.75787,0.75518,1.00000,0.77029,0.74905,0.76245,0.74691,0.76158,0.74792,0.72871,0.75154,0.73164,0.73690,0.75539,0.76621,0.73354,0.81372,0.75677,0.77727,0.73059,0.79406,0.74888,0.79841,0.74067,0.74447,0.78321,0.75962,0.75686,0.74958,0.76084,0.75959,0.75935,0.75495,0.73157,0.73785,0.75367,0.72249,0.75752,0.70209,0.71861,0.72189,0.74999,0.74210,0.75526,0.75761,0.69985,0.76228,0.76927,0.80019,0.75711,0.71017,0.75390,0.74026,0.73545,0.75220,0.71576,0.71137,0.74957,0.74595,0.72844,0.71437,0.75844,0.78099,0.78747,0.73940
0.71396,0.76330,0.74234,0.78029,0.69618,0.75329,0.79052,0.78087,0.74912,0.79003,0.74536,0.78615,0.77321,0.74122,0.76495,0.79639,0.79693,0.73371,0.78255,0.75677,0.77797,0.74181,0.72786,0.77930,0.77029,1.00000,0.74754,0.76936,0.83852,0.77512,0.72240,0.77255,0.79141,0.76512,0.76598,0.73551,0.80133,0.72042,0.75059,0.78705,0.74344,0.73592,0.77508,0.79270,0.77381,0.77006,0.77140,0.79099,0.75105,0.78525,0.79299,0.77276,0.76459,0.76925,0.76926,0.75613,0.75027,0.73389,0.74688,0.72919,0.77908,0.74131,0.76599,0.75322,0.72179,0.73165,0.78462,0.71754,0.76375,0.78206,0.77444,0.71663,0.73570,0.77668,0.74918,0.74322,0.78261,0.72940,0.71213,0.73251,0.76320,0.71112,0.75928,0.73874,0.79662,0.75637,0.79328
0.74941,0.76479,0.75419,0.75723,0.79376,0.77477,0.76821,0.76491,0.74825,0.78821,0.75766,0.77402,0.79071,0.74046,0.74799,0.75255,0.78639,0.77305,0.74939,0.76755,0.75750,0.73965,0.73441,0.75296,0.74905,0.74754,1.00000,0.76697,0.80260,0.73709,0.75617,0.79781,0.78982,0.74399,0.78184,0.76827,0.77055,0.79030,0.76974,0.78867,0.74317,0.74181,0.78294,0.76968,0.77018,0.74787,0.76120,0.71560,0.75757,0.73935,0.71703,0.74214,0.74183,0.78203,0.77642,0.74148,0.69837,0.73954,0.74246,0.77066,0.70914,0.74043,0.76012,0.71126,0.74658,0.76051,0.76747,0.71611,0.75800,0.77275,0.77993,0.76798,0.74924,0.75861,0.79079,0.77692,0.76149,0.78715,0.75047,0.77370,0.74091,0.71261,0.81008,0.74724,0.74696,0.77079,0.75021
0.76769,0.75502,0.75733,0.79896,0.73677,0.77248,0.80988,0.75430,0.77449,0.77249,0.79022,0.77719,0.76343,0.71276,0.76522,0.80299,0.79944,0.75197,0.78460,0.74943,0.79820,0.73531,0.79652,0.73069,0.76245,0.76936,0.76697,1.00000,0.76671,0.76169,0.74792,0.76360,0.79516,0.71073,0.75859,0.76153,0.77849,0.76079,0.77243,0.77543,0.78403,0.77336,0.78184,0.75505,0.80062,0.71886,0.77749,0.79063,0.79616,0.79456,0.75659,0.77358,0.78067,0.79585,0.74621,0.77024,0.77367,0.79641,0.78498,0.75576,0.73569,0.76553,0.74783,0.80504,0.73281,0.78695,0.75680,0.75919,0.79300,0.76761,0.76312,0.76020,0.76965,0.74607,0.71684,0.77566,0.79764,0.75735,0.75398,0.77814,0.77600,0.76008,0.76079,0.75201,0.79698,0.74888,0.77201
0.75424,0.77098,0.73710,0.78539,0.73541,0.77125,0.78423,0.77346,0.73765,0.79097,0.77560,0.75887,0.78119,0.71361,0.78251,0.73792,0.78092,0.74747,0.77010,0.77991,0.79601,0.77096,0.76702,0.77180,0.74691,0.83852,0.80260,0.76671,1.00000,0.74714,0.77748,0.79424,0.80036,0.77527,0.77256,0.75637,0.79915,0.74944,0.79671,0.77581,0.77307,0.77876,0.79103,0.77559,0.75980,0.76542,0.73978,0.79869,0.75553,0.74847,0.77085,0.75917,0.71416,0.78716,0.75515,0.79227,0.76237,0.73721,0.75972,0.73681,0.73855,0.76475,0.75662,0.75868,0.73660,0.73909,0.74868,0.77107,0.72747,0.76099,0.72762,0.71646,0.75233,0.72751,0.73780,0.73103,0.78375,0.79352,0.77645,0.72991,0.74124,0.71996,0.77080,0.74565,0.76146,0.76604,0.74832
0.73030,0.78074,0.74799,0.75917,0.71600,0.70218,0.76607,0.75577,0.73957,0.77373,0.75901,0.73992,0.73495,0.73548,0.75537,0.76340,0.79538,0.76683,0.71447,0.76048,0.82022,0.73379,0.74585,0.73762,0.76158,0.77512,0.73709,0.76169,0.74714,1.00000,0.74027,0.75829,0.78012,0.74994,0.76427,0.72903,0.74739,0.71379,0.74517,0.79262,0.76838,0.73708,0.76762,0.74797,0.79128,0.68593,0.73877,0.79955,0.76067,0.76363,0.74497,0.73336,0.74715,0.72170,0.75256,0.77680,0.69927,0.73031,0.73279,0.79687,0.75337,0.73926,0.73177,0.74347,0.72524,0.70524,0.74299,0.70259,0.74168,0.78115,0.79172,0.70116,0.72922,0.79618,0.70571,0.70412,0.73927,0.75302,0.72634,0.70811,0.73957,0.70387,0.73452,0.72792,0.75206,0.73668,0.71548
0.78023,0.73938,0.72050,0.75845,0.75066,0.75345,0.82232,0.78033,0.72760,0.79279,0.76717,0.76782,0.76686,0.70166,0.71562,0.75432,0.77156,0.74403,0.77678,0.77802,0.77102,0.73000,0.72276,0.72934,0.74792,0.72240,0.75617,0.74792,0.77748,0.74027,1.00000,0.70761,0.80003,0.72941,0.76343,0.76810,0.74866,0.73630,0.73046,0.77427,0.76673,0.72559,0.77681,0.73287,0.73478,0.71163,0.73739,0.77203,0.73841,0.74956,0.72856,0.74511,0.74159,0.80086,0.69767,0.79630,0.72686,0.75224,0.77828,0.74027,0.73156,0.76762,0.67485,0.73388,0.74496,0.74298,0.73658,0.74803,0.73808,0.76395,0.76595,0.69822,0.75588,0.75565,0.74101,0.70144,0.73446,0.76402,0.72947,0.71249,0.71607,0.71860,0.77344,0.76299,0.72403,0.74355,0.75075
0.74645,0.75648,0.77100,0.74993,0.77213,0.80812,0.76877,0.75109,0.78182,0.78650,0.77011,0.75351,0.77317,0.76750,0.76203,0.77147,0.81292,0.74237,0.77080,0.75651,0.77569,0.75980,0.76791,0.73391,0.72871,0.77255,0.79781,0.76360,0.79424,0.75829,0.70761,1.00000,0.75369,0.77779,0.76422,0.78802,0.79321,0.78296,0.75128,0.79624,0.76179,0.77321,0.78010,0.78729,0.79710,0.77796,0.78570,0.77164,0.74558,0.73179,0.76614,0.76204,0.75212,0.76128,0.77223,0.78408,0.77092,0.76085,0.75252,0.77255,0.73314,0.77977,0.77657,0.73506,0.73693,0.73060,0.75213,0.74143,0.72467,0.77131,0.75618,0.75568,0.74451,0.75519,0.74993,0.75477,0.78155,0.78232,0.73611,0.76495,0.75346,0.72907,0.79820,0.71587,0.79701,0.76318,0.77709
0.74433,0.75496,0.73106,0.77877,0.74960,0.77959,0.81216,0.78190,0.75256,0.81283,0.75799,0.79174,0.76867,0.73265,0.77557,0.76276,0.79245,0.77370,0.75734,0.81421,0.80665,0.77257,0.75193,0.77849,0.75154,0.79141,0.78982,0.79516,0.80036,0.78012,0.80003,0.75369,1.00000,0.75775,0.75735,0.75807,0.80055,0.77941,0.74962,0.77497,0.75266,0.76325,0.79940,0.74961,0.80118,0.74580,0.75348,0.79039,0.74275,0.81076,0.74918,0.76631,0.75953,0.76141,0.77218,0.78615,0.76015,0.77178,0.72908,0.76245,0.78721,0.77385,0.74271,0.75075,0.78239,0.76290,0.78448,0.70067,0.75708,0.81448,0.79234,0.71432,0.75392,0.76541,0.73889,0.74408,0.78957,0.74110,0.79778,0.77238,0.73827,0.72197,0.77794,0.72919,0.79792,0.79240,0.78952
0.71785,0.74932,0.72312,0.78103,0.70811,0.75677,0.73200,0.70855,0.76215,0.76678,0.77159,0.73958,0.73892,0.74493,0.74788,0.76143,0.77464,0.76680,0.75607,0.78170,0.77978,0.74129,0.74402,0.73980,0.73164,0.76512,0.74399,0.71073,0.77527,0.74994,0.72941,0.77779,0.75775,1.00000,0.73616,0.78719,0.74759,0.76274,0.72347,0.77142,0.76660,0.76761,0.74097,0.79363,0.75914,0.75461,0.76387,0.75896,0.75793,0.75137,0.76592,0.77729,0.71932,0.75733,0.74662,0.77604,0.77349,0.72926,0.73039,0.75214,0.74679,0.75489,0.71566,0.75494,0.76564,0.73448,0.79935,0.75674,0.71146,0.75950,0.73096,0.69916,0.76177,0.73728,0.78100,0.74734,0.73735,0.76475,0.74557,0.73309,0.71493,0.70638,0.80182,0.74455,0.76510,0.72395,0.74780
0.73886,0.76891,0.76511,0.76077,0.72199,0.76646,0.76391,0.81337,0.72571,0.80058,0.77175,0.77470,0.74698,0.74308,0.72494,0.77360,0.79614,0.74116,0.70975,0.74402,0.78702,0.73599,0.69677,0.73558,0.73690,0.76598,0.78184,0.75859,0.77256,0.76427,0.76343,0.76422,0.75735,0.73616,1.00000,0.77799,0.73683,0.74105,0.72838,0.76933,0.74765,0.77126,0.78396,0.78350,0.76363,0.72003,0.78170,0.73109,0.75751,0.75841,0.74014,0.72559,0.74236,0.73920,0.73963,0.74958,0.76004,0.73016,0.72651,0.77063,0.69950,0.75633,0.75895,0.73534,0.71837,0.77921,0.78646,0.71014,0.78894,0.79510,0.76479,0.75108,0.72029,0.76802,0.76950,0.75155,0.73993,0.76065,0.71300,0.72243,0.76063,0.74984,0.76858,0.68347,0.74633,0.76441,0.74314
0.74368,0.76967,0.73121,0.80906,0.80747,0.76677,0.78597,0.73048,0.79518,0.75721,0.76995,0.75669,0.74101,0.71808,0.70696,0.76886,0.75819,0.74789,0.74662,0.73002,0.77222,0.73670,0.75162,0.71607,0.75539,0.73551,0.76827,0.76153,0.75637,0.72903,0.76810,0.78802,0.75807,0.78719,0.77799,1.00000,0.75702,0.76994,0.77763,0.77764,0.76536,0.78213,0.79609,0.78866,0.78071,0.75373,0.78334,0.76585,0.74272,0.74898,0.69532,0.77078,0.71171,0.76743,0.69878,0.73549,0.75471,0.73295,0.73463,0.76918,0.74906,0.76010,0.74617,0.74601,0.74848,0.78067,0.78197,0.77250,0.74001,0.80363,0.73901,0.73030,0.72276,0.69713,0.75234,0.74607,0.72272,0.75571,0.76343,0.72687,0.74352,0.72638,0.80506,0.73689,0.76041,0.73375,0.78950
0.73510,0.75573,0.74614,0.76593,0.72304,0.80854,0.76593,0.77262,0.75948,0.77022,0.77762,0.78126,0.77447,0.77176,0.77747,0.79216,0.82035,0.76106,0.79198,0.75378,0.78550,0.74157,0.78363,0.76546,0.76621,0.80133,0.77055,0.77849,0.79915,0.74739,0.74866,0.79321,0.80055,0.74759,0.73683,0.75702,1.00000,0.73726,0.75965,0.75023,0.74552,0.77946,0.75898,0.77165,0.77269,0.78844,0.74959,0.80124,0.74276,0.74592,0.81576,0.79485,0.75767,0.78139,0.78644,0.76873,0.75552,0.73964,0.76336,0.73519,0.72961,0.78645,0.75356,0.75695,0.74112,0.77882,0.77693,0.72660,0.74943,0.75743,0.79483,0.71907,0.76049,0.75294,0.76860,0.74561,0.80736,0.76461,0.74334,0.77241,0.78360,0.72416,0.76579,0.75085,0.79241,0.76693,0.82026
0.74184,0.75014,0.72809,0.74730,0.76575,0.77387,0.75750,0.71939,0.75194,0.75361,0.75171,0.75432,0.75433,0.71814,0.75828,0.77187,0.77400,0.73874,0.74562,0.73402,0.75256,0.75901,0.72491,0.71328,0.73354,0.72042,0.79030,0.76079,0.74944,0.71379,0.73630,0.78296,0.77941,0.76274,0.74105,0.76994,0.73726,1.00000,0.70967,0.80563,0.75255,0.75637,0.77685,0.78636,0.76492,0.71427,0.77232,0.71202,0.75494,0.74072,0.72125,0.75865,0.75434,0.74591,0.73296,0.75768,0.70995,0.75120,0.73124,0.75016,0.71307,0.77896,0.73557,0.76327,0.75142,0.78053,0.77559,0.75296,0.74642,0.75973,0.76066,0.74311,0.75262,0.71054,0.77210,0.69972,0.75441,0.77409,0.74827,0.77486,0.73377,0.67453,0.80414,0.74372,0.77324,0.73199,0.76530
0.72669,0.74124,0.70655,0.79954,0.74663,0.72763,0.78396,0.73167,0.71637,0.74963,0.73418,0.79006,0.75705,0.72157,0.78530,0.72743,0.76674,0.77000,0.77502,0.76095,0.80103,0.73552,0.76065,0.73749,0.81372,0.75059,0.76974,0.77243,0.79671,0.74517,0.73046,0.75128,0.74962,0.72347,0.72838,0.77763,0.75965,0.70967,1.00000,0.76413,0.74769,0.74272,0.76415,0.75896,0.74540,0.72992,0.77483,0.77326,0.75603,0.75156,0.73012,0.76032,0.74320,0.74626,0.70777,0.78076,0.75309,0.73286,0.74935,0.75635,0.71021,0.75509,0.71946,0.75953,0.76577,0.74725,0.76656,0.76301,0.73593,0.76501,0.77818,0.74181,0.72260,0.76567,0.73859,0.76709,0.77462,0.74907,0.75733,0.75956,0.69888,0.71779,0.73276,0.73146,0.77899,0.73787,0.74709
0.77746,0.78788,0.73774,0.77510,0.73653,0.78311,0.81497,0.77158,0.77431,0.80966,0.76532,0.75309,0.79794,0.75493,0.75109,0.80120,0.77236,0.77784,0.76558,0.75065,0.77784,0.77268,0.77685,0.75426,0.75677,0.78705,0.78867,0.77543,0.77581,0.79262,0.77427,0.79624,0.77497,0.77142,0.76933,0.77764,0.75023,0.80563,0.76413,1.00000,0.75963,0.75376,0.76739,0.78425,0.80375,0.74577,0.78422,0.76064,0.77404,0.79312,0.78741,0.78879,0.75292,0.74702,0.73241,0.78811,0.73982,0.73934,0.71483,0.73448,0.76038,0.76967,0.71920,0.74630,0.72648,0.74336,0.76401,0.75980,0.76918,0.76562,0.76621,0.71730,0.75214,0.76340,0.75323,0.74397,0.75578,0.76983,0.74512,0.73820,0.74642,0.70873,0.80081,0.73916,0.75094,0.72937,0.73981
0.77932,0.76002,0.74902,0.75730,0.72964,0.73888,0.77835,0.72848,0.75874,0.79108,0.77580,0.75103,0.76055,0.70633,0.75691,0.74125,0.79861,0.74680,0.75995,0.76509,0.80105,0.75116,0.78551,0.73132,0.77727,0.74344,0.74317,0.78403,0.77307,0.76838,0.76673,0.76179,0.75266,0.76660,0.74765,0.76536,0.74552,0.75255,0.74769,0.75963,1.00000,0.74993,0.78144,0.75762,0.79677,0.75244,0.71149,0.78748,0.74208,0.75561,0.73522,0.75387,0.75346,0.79172,0.72017,0.79039,0.76425,0.74371,0.75540,0.75208,0.72595,0.75320,0.72892,0.76557,0.75138,0.72194,0.75091,0.73957,0.68529,0.76412,0.74518,0.73622,0.74540,0.75436,0.72243,0.71353,0.73249,0.71918,0.74241,0.72653,0.74183,0.72173,0.75474,0.72236,0.76397,0.77023,0.73236
0.75187,0.71855,0.74780,0.78307,0.71432,0.74327,0.74612,0.74490,0.77441,0.78948,0.78884,0.75419,0.76187,0.76828,0.74144,0.76763,0.78579,0.76324,0.77795,0.72715,0.78623,0.74571,0.75217,0.72808,0.73059,0.73592,0.74181,0.77336,0.77876,0.73708,0.72559,0.77321,0.76325,0.76761,0.77126,0.78213,0.77946,0.75637,0.74272,0.75376,0.74993,1.00000,0.79634,0.77252,0.78072,0.74039,0.77886,0.75532,0.75150,0.75074,0.73865,0.76884,0.75156,0.78127,0.73855,0.75509,0.77300,0.71004,0.73488,0.78194,0.74327,0.75035,0.77741,0.76753,0.73641,0.76150,0.75627,0.75948,0.76682,0.74719,0.76065,0.71268,0.72579,0.75205,0.72227,0.76373,0.77058,0.77298,0.72530,0.75258,0.76544,0.78123,0.80027,0.70859,0.77306,0.76931,0.78041
0.78704,0.74943,0.70453,0.77873,0.74780,0.77800,0.78626,0.78385,0.77254,0.76803,0.79364,0.77961,0.77039,0.77845,0.77891,0.76854,0.79174,0.78961,0.78388,0.78192,0.80956,0.77953,0.76484,0.73883,0.79406,0.77508,0.78294,0.78184,0.79103,0.76762,0.77681,0.78010,0.79940,0.74097,0.78396,0.79609,0.75898,0.77685,0.76415,0.76739,0.78144,0.79634,1.00000,0.80131,0.79402,0.74754,0.77923,0.80968,0.76507,0.81723,0.73081,0.79186,0.76718,0.79287,0.78437,0.75850,0.73916,0.75106,0.76091,0.79253,0.79605,0.78041,0.81495,0.78789,0.79935,0.78797,0.79095,0.77296,0.75192,0.82777,0.78673,0.76749,0.75591,0.79020,0.78497,0.76699,0.78882,0.78348,0.74748,0.79999,0.77068,0.76385,0.82922,0.73554,0.76761,0.81658,0.81624
0.76032,0.76552,0.73827,0.77028,0.70248,0.78914,0.78806,0.77300,0.76253,0.76222,0.80878,0.77804,0.78932,0.74891,0.73506,0.80332,0.79188,0.80268,0.73034,0.76639,0.78094,0.76927,0.74555,0.76964,0.74888,0.79270,0.76968,0.75505,0.77559,0.74797,0.73287,0.78729,0.74961,0.79363,0.78350,0.78866,0.77165,0.78636,0.75896,0.78425,0.75762,0.77252,0.80131,1.00000,0.76597,0.77032,0.80847,0.74137,0.80203,0.78536,0.73337,0.76871,0.73515,0.79426,0.79735,0.77945,0.75923,0.75061,0.75754,0.74745,0.72826,0.78613,0.76253,0.82056,0.74442,0.81357,0.77782,0.74619,0.77388,0.80413,0.77399,0.74598,0.76471,0.75585,0.77563,0.74277,0.76837,0.77868,0.76651,0.75213,0.79339,0.74963,0.79821,0.75129,0.75017,0.74714,0.79066
0.77610,0.76193,0.77963,0.77488,0.74571,0.79745,0.79532,0.78102,0.76396,0.77456,0.79533,0.73596,0.76352,0.74309,0.81158,0.78554,0.81407,0.75389,0.78025,0.77575,0.77175,0.72276,0.74752,0.75858,0.79841,0.77381,0.77018,0.80062,0.75980,0.79128,0.73478,0.79710,0.80118,0.75914,0.76363,0.78071,0.77269,0.76492,0.74540,0.80375,0.79677,0.78072,0.79402,0.76597,1.00000,0.70883,0.76839,0.80902,0.78657,0.80212,0.77895,0.77106,0.79217,0.76104,0.76831,0.79032,0.80410,0.77127,0.72137,0.76783,0.79509,0.77802,0.74674,0.77306,0.75934,0.72257,0.77720,0.74093,0.75344,0.76639,0.78567,0.76002,0.74248,0.74612,0.73329,0.74677,0.76909,0.76974,0.74846,0.75470,0.76704,0.75775,0.79009,0.72784,0.79615,0.78856,0.78802
0.73724,0.73075,0.72736,0.71165,0.72860,0.72538,0.73358,0.73168,0.76789,0.74872,0.76256,0.77554,0.76262,0.74226,0.72778,0.74880,0.77682,0.75939,0.75386,0.72517,0.76077,0.73042,0.75119,0.72299,0.74067,0.77006,0.74787,0.71886,0.76542,0.68593,0.71163,0.77796,0.74580,0.75461,0.72003,0.75373,0.78844,0.71427,0.72992,0.74577,0.75244,0.74039,0.74754,0.77032,0.70883,1.00000,0.73746,0.73535,0.73341,0.72186,0.73132,0.77053,0.74019,0.72285,0.71523,0.76258,0.72442,0.72173,0.74752,0.76811,0.71739,0.72944,0.73971,0.71236,0.73998,0.71733,0.74490,0.73302,0.70683,0.72531,0.75033,0.74221,0.70977,0.75478,0.76495,0.71455,0.75683,0.70340,0.71194,0.72106,0.71972,0.70917,0.77927,0.70640,0.74733,0.75271,0.74604
0.73251,0.69551,0.73760,0.77905,0.72048,0.78174,0.76763,0.73112,0.75231,0.76404,0.79394,0.74163,0.77653,0.72793,0.72381,0.77707,0.77047,0.74131,0.76025,0.73239,0.79314,0.76677,0.74084,0.72449,0.74447,0.77140,0.76120,0.77749,0.73978,0.73877,0.73739,0.78570,0.75348,0.76387,0.78170,0.78334,0.74959,0.77232,0.77483,0.78422,0.71149,0.77886,0.77923,0.80847,0.76839,0.73746,1.00000,0.77190,0.78276,0.78495,0.76055,0.78936,0.73577,0.73984,0.68738,0.74881,0.73845,0.73665,0.75353,0.74851,0.73073,0.74773,0.77549,0.76624,0.74240,0.76250,0.74506,0.72694,0.75266,0.77413,0.80048,0.70519,0.75025,0.75335,0.77088,0.76174,0.78502,0.74529,0.72244,0.73870,0.73049,0.72631,0.78598,0.73227,0.78083,0.74339,0.73667
0.76827,0.79065,0.77668,0.81056,0.75953,0.77268,0.81462,0.74974,0.76223,0.79397,0.74010,0.75526,0.77153,0.70776,0.77951,0.77165,0.80596,0.75087,0.82341,0.78233,0.83607,0.75636,0.76072,0.75670,0.78321,0.79099,0.71560,0.79063,0.79869,0.79955,0.77203,0.77164,0.79039,0.75896,0.73109,0.76585,0.80124,0.71202,0.77326,0.76064,0.78748,0.75532,0.80968,0.74137,0.80902,0.73535,0.77190,1.00000,0.77521,0.79171,0.79842,0.77423,0.78146,0.78460,0.75449,0.82519,0.75977,0.76946,0.79770,0.78638,0.77291,0.78731,0.77329,0.77652,0.77941,0.75671,0.75776,0.77379,0.72867,0.80188,0.78997,0.74374,0.78476,0.77599,0.73786,0.77154,0.78898,0.76756,0.76421,0.74416,0.70731,0.73350,0.74365,0.78381,0.79666,0.77884,0.79971
0.77965,0.73741,0.73567,0.80019,0.72953,0.74812,0.79340,0.74602,0.74375,0.74432,0.79418,0.77239,0.78360,0.75792,0.74400,0.77231,0.82304,0.73223,0.77086,0.72920,0.79450,0.71953,0.75017,0.77921,0.75962,0.75105,0.75757,0.79616,0.75553,0.76067,0.73841,0.74558,0.74275,0.75793,0.75751,0.74272,0.74276,0.75494,0.75603,0.77404,0.74208,0.75150,0.76507,0.80203,0.78657,0.73341,0.78276,0.77521,1.00000,0.75933,0.74367,0.75432,0.75702,0.75434,0.74128,0.75493,0.76398,0.71417,0.72069,0.77898,0.76034,0.72941,0.76950,0.75175,0.76027,0.75288,0.76282,0.75575,0.76852,0.75985,0.79056,0.77217,0.77932,0.75051,0.72916,0.75782,0.77007,0.74089,0.75408,0.76506,0.71251,0.73239,0.75054,0.73260,0.75625,0.74016,0.77887
0.79220,0.71871,0.70561,0.77121,0.70673,0.73938,0.82001,0.75493,0.77120,0.78508,0.77447,0.78714,0.77371,0.73868,0.75186,0.77514,0.82018,0.74433,0.76738,0.75788,0.80256,0.75873,0.78109,0.76232,0.75686,0.78525,0.73935,0.79456,0.74847,0.76363,0.74956,0.73179,0.81076,0.75137,0.75841,0.74898,0.74592,0.74072,0.75156,0.79312,0.75561,0.75074,0.81723,0.78536,0.80212,0.72186,0.78495,0.79171,0.75933,1.00000,0.74653,0.77331,0.76303,0.71389,0.73757,0.77525,0.72352,0.74566,0.74220,0.73997,0.77036,0.76730,0.74364,0.79542,0.75251,0.75862,0.73683,0.75721,0.76777,0.80629,0.78587,0.72859,0.80695,0.79797,0.74921,0.76397,0.77395,0.74017,0.75630,0.76265,0.74437,0.72338,0.75965,0.72807,0.79974,0.80133,0.79196
0.68006,0.77210,0.75415,0.76165,0.68714,0.77675,0.75871,0.73633,0.74325,0.75918,0.76550,0.73881,0.76049,0.73317,0.77967,0.79558,0.79228,0.73830,0.77871,0.76942,0.80265,0.74499,0.76093,0.78960,0.74958,0.79299,0.71703,0.75659,0.77085,0.74497,0.72856,0.76614,0.74918,0.76592,0.74014,0.69532,0.81576,0.72125,0.73012,0.78741,0.73522,0.73865,0.73081,0.73337,0.77895,0.73132,0.76055,0.79842,0.74367,0.74653,1.00000,0.77443,0.76411,0.76517,0.74174,0.76309,0.75924,0.74405,0.76466,0.73237,0.75602,0.73950,0.72591,0.72451,0.71899,0.74527,0.77044,0.72352,0.72650,0.73002,0.75545,0.69165,0.75142,0.76256,0.77436,0.76097,0.75055,0.73966,0.71532,0.74206,0.74503,0.71357,0.76627,0.73634,0.76248,0.75141,0.77741
0.75258,0.74617,0.73735,0.79789,0.72455,0.78230,0.78117,0.75419,0.80599,0.75224,0.80055,0.78292,0.79148,0.77831,0.71637,0.80376,0.79473,0.76728,0.80008,0.74134,0.78269,0.72107,0.78712,0.75607,0.76084,0.77276,0.74214,0.77358,0.75917,0.73336,0.74511,0.76204,0.76631,0.77729,0.72559,0.77078,0.79485,0.75865,0.76032,0.78879,0.75387,0.76884,0.79186,0.76871,0.77106,0.77053,0.78936,0.77423,0.75432,0.77331,0.77443,1.00000,0.76715,0.77368,0.74489,0.77048,0.76624,0.75982,0.75327,0.75536,0.78034,0.80841,0.76498,0.75633,0.78573,0.74343,0.74896,0.74569,0.80282,0.75969,0.80246,0.75226,0.76593,0.77660,0.78345,0.76720,0.81272,0.77986,0.78304,0.78805,0.75760,0.72463,0.79829,0.75105,0.81868,0.78457,0.77843
0.77815,0.74646,0.74676,0.73020,0.74779,0.71113,0.74200,0.75257,0.72605,0.76332,0.76409,0.78563,0.74840,0.72681,0.74346,0.77830,0.77351,0.75764,0.78065,0.72571,0.76910,0.69680,0.70477,0.75449,0.75959,0.76459,0.74183,0.78067,0.71416,0.74715,0.74159,0.75212,0.75953,0.71932,0.74236,0.71171,0.75767,0.75434,0.74320,0.75292,0.75346,0.75156,0.76718,0.73515,0.79217,0.74019,0.73577,0.78146,0.75702,0.76303,0.76411,0.76715,1.00000,0.76566,0.74634,0.77368,0.76050,0.73471,0.75854,0.80694,0.76860,0.75989,0.76278,0.76377,0.76813,0.75457,0.76609,0.74966,0.77515,0.75852,0.78011,0.76284,0.77509,0.77252,0.73052,0.76613,0.78563,0.72836,0.75576,0.75546,0.73882,0.71459,0.77618,0.75353,0.78852,0.74420,0.77400
0.75444,0.77203,0.74350,0.78675,0.74331,0.76739,0.78766,0.76475,0.76881,0.79267,0.75763,0.76864,0.77036,0.74659,0.75111,0.79705,0.79482,0.76167,0.80249,0.76267,0.79479,0.76513,0.74669,0.73636,0.75935,0.76925,0.78203,0.79585,0.78716,0.72170,0.80086,0.76128,0.76141,0.75733,0.73920,0.76743,0.78139,0.74591,0.74626,0.74702,0.79172,0.78127,0.79287,0.79426,0.76104,0.72285,0.73984,0.78460,0.75434,0.71389,0.76517,0.77368,0.76566,1.00000,0.78519,0.77628,0.78227,0.75839,0.78776,0.76356,0.72888,0.79282,0.78197,0.82813,0.76767,0.79050,0.76753,0.78059,0.75525,0.79473,0.77119,0.75340,0.77285,0.75576,0.79321,0.77624,0.77410,0.74285,0.73594,0.76555,0.78914,0.78300,0.78125,0.78611,0.78316,0.77150,0.77625
0.71761,0.72350,0.73378,0.74867,0.69685,0.76670,0.74345,0.75012,0.74797,0.74970,0.75038,0.75660,0.77896,0.70340,0.75128,0.78071,0.78299,0.78154,0.73647,0.74885,0.76750,0.74615,0.74531,0.76147,0.75495,0.76926,0.77642,0.74621,0.75515,0.75256,0.69767,0.77223,0.77218,0.74662,0.73963,0.69878,0.78644,0.73296,0.70777,0.73241,0.72017,0.73855,0.78437,0.79735,0.76831,0.71523,0.68738,0.75449,0.74128,0.73757,0.74174,0.74489,0.74634,0.78519,1.00000,0.73014,0.75728,0.72272,0.75388,0.75859,0.73819,0.75706,0.77377,0.75611,0.74420,0.74869,0.77421,0.70093,0.74681,0.74217,0.75123,0.75532,0.73070,0.77276,0.74894,0.73153,0.74296,0.75654,0.74653,0.73776,0.76385,0.76953,0.75453,0.74908,0.75593,0.74608,0.75721
0.79715,0.80328,0.76286,0.76664,0.74006,0.75894,0.79618,0.72895,0.74408,0.77999,0.75951,0.79005,0.78459,0.76493,0.76969,0.78633,0.80388,0.78717,0.80533,0.79709,0.80111,0.75707,0.74941,0.74952,0.73157,0.75613,0.74148,0.77024,0.79227,0.77680,0.79630,0.78408,0.78615,0.77604,0.74958,0.73549,0.76873,0.75768,0.78076,0.78811,0.79039,0.75509,0.75850,0.77945,0.79032,0.76258,0.74881,0.82519,0.75493,0.77525,0.76309,0.77048,0.77368,0.77628,0.73014,1.00000,0.77213,0.76518,0.76598,0.74608,0.77254,0.79151,0.72897,0.78511,0.75796,0.71823,0.74181,0.76282,0.73488,0.76028,0.76846,0.75329,0.75170,0.78120,0.76155,0.78254,0.76108,0.79625,0.75986,0.74363,0.74700,0.73709,0.78092,0.75431,0.78188,0.77580,0.76970
0.69431,0.72912,0.73838,0.78895,0.64841,0.76625,0.77777,0.73936,0.74200,0.75328,0.74500,0.75381,0.76912,0.72566,0.74949,0.77716,0.78405,0.76946,0.75036,0.73054,0.76658,0.70424,0.76243,0.74303,0.73785,0.75027,0.69837,0.77367,0.76237,0.69927,0.72686,0.77092,0.76015,0.77349,0.76004,0.75471,0.75552,0.70995,0.75309,0.73982,0.76425,0.77300,0.73916,0.75923,0.80410,0.72442,0.73845,0.75977,0.76398,0.72352,0.75924,0.76624,0.76050,0.78227,0.75728,0.77213,1.00000,0.75223,0.76923,0.74302,0.68653,0.78008,0.80698,0.78016,0.74917,0.76133,0.75495,0.76058,0.74980,0.73922,0.75749,0.74633,0.70921,0.74465,0.74737,0.77971,0.77413,0.72577,0.74735,0.74436,0.80020,0.76876,0.74629,0.72999,0.79147,0.76317,0.77075
